9.9937E-05 9.9937E-05 0.00646966 9.9937E-05 9.9937E-05 0.992831 9.9937E-05 9.9937E-05 9.9937E-05
9.9946E-05 9.9946E-05 0.0124403 9.9946E-05 0.0401429 0.946817 9.9946E-05 9.9946E-05 9.9946E-05
9.9946E-05 9.9946E-05 0.0108294 9.9946E-05 0.00801568 0.980555 9.9946E-05 9.9946E-05 9.9946E-05
0.00359571 0.00506002 0.0214916 0.0116073 0.045876 0.0312586 0.0464532 0.371841 0.462816
0.0109232 0.00130769 0.026129 0.00143003 0.00738957 0.0360659 0.0901156 0.362115 0.464524
0.0536488 0.0141009 0.0408849 0.022962 0.00550068 0.0794433 0.0766996 0.313152 0.393608
9.9946E-05 9.9946E-05 0.0247928 9.9946E-05 0.0423046 0.932303 9.9946E-05 9.9946E-05 9.9946E-05
9.9946E-05 9.9946E-05 0.0157404 9.9946E-05 9.9946E-05 0.930213 9.9946E-05 9.9946E-05 0.0534468
0.00957958 9.9955E-05 9.9955E-05 9.9955E-05 9.9955E-05 0.955317 0.0212017 9.9955E-05 0.0134022
0.0161708 9.9973E-05 9.9973E-05 0.928831 0.0118464 0.0211296 0.00982524 0.0118966 9.9973E-05
9.9937E-05 9.9937E-05 0.00422505 0.995075 9.9937E-05 9.9937E-05 9.9937E-05 9.9937E-05 9.9937E-05
9.993E-05 9.993E-05 9.993E-05 0.999201 9.993E-05 9.993E-05 9.993E-05 9.993E-05 9.993E-05
9.9982E-05 0.000834789 0.000148229 9.9982E-05 0.00730606 0.0144655 0.0137358 0.419508 0.543802
9.9955E-05 9.9955E-05 9.9955E-05 9.9955E-05 0.0270277 9.9955E-05 0.000631018 0.527468 0.444373
0.0126878 0.00718195 0.00778227 0.000876474 0.0172606 0.00628344 0.0671629 0.29152 0.589245
9.9955E-05 0.00210047 9.9955E-05 9.9955E-05 0.781007 0.204627 9.9955E-05 9.9955E-05 0.0117653
9.9955E-05 9.9955E-05 0.00701469 0.00302375 0.743208 0.246254 9.9955E-05 9.9955E-05 9.9955E-05
9.9946E-05 9.9946E-05 0.00135289 9.9946E-05 0.773164 0.224884 9.9946E-05 9.9946E-05 9.9946E-05
9.9937E-05 9.9937E-05 9.9937E-05 9.9937E-05 9.9937E-05 9.9937E-05 9.9937E-05 0.0857416 0.913559
0.0117328 9.9946E-05 9.9946E-05 9.9946E-05 9.9946E-05 9.9946E-05 9.9946E-05 0.13103 0.856638
9.9937E-05 9.9937E-05 9.9937E-05 9.9937E-05 9.9937E-05 9.9937E-05 9.9937E-05 0.0515446 0.947756
0.983503 9.9955E-05 9.9955E-05 0.0026257 9.9955E-05 9.9955E-05 0.00196555 9.9955E-05 0.0114057
0.999201 9.993E-05 9.993E-05 9.993E-05 9.993E-05 9.993E-05 9.993E-05 9.993E-05 9.993E-05
0.975048 0.00243033 0.00478374 0.00223022 0.00832671 0.00517265 0.00180839 9.99828E-05 9.99828E-05
0.00206854 9.9982E-05 0.0144019 0.904999 9.9982E-05 0.0259008 0.0178834 0.00629255 0.0282537
9.993E-05 9.993E-05 9.993E-05 0.999201 9.993E-05 9.993E-05 9.993E-05 9.993E-05 9.993E-05
9.993E-05 9.993E-05 9.993E-05 0.999201 9.993E-05 9.993E-05 9.993E-05 9.993E-05 9.993E-05
9.9946E-05 9.9946E-05 9.9946E-05 9.9946E-05 0.035144 9.9946E-05 0.0345791 9.9946E-05 0.929677
0.00120169 0.00701629 0.00913348 0.000432152 0.0593853 9.9982E-05 0.0428065 9.9982E-05 0.879825
9.9946E-05 9.9946E-05 9.9946E-05 9.9946E-05 0.0249064 9.9946E-05 0.0379907 9.9946E-05 0.936503
9.993E-05 9.993E-05 9.993E-05 9.993E-05 9.993E-05 9.993E-05 0.999201 9.993E-05 9.993E-05
9.993E-05 9.993E-05 9.993E-05 9.993E-05 9.993E-05 9.993E-05 0.999201 9.993E-05 9.993E-05
0.0257028 0.000771432 0.00909949 0.00154693 9.9973E-05 0.0268606 0.935719 9.9973E-05 9.9973E-05
0.0137414 0.00860095 0.0179171 0.0142855 0.639678 0.248985 9.9991E-05 0.00595767 0.0507349
9.9937E-05 9.9937E-05 9.9937E-05 9.9937E-05 0.724333 0.274968 9.9937E-05 9.9937E-05 9.9937E-05
9.9937E-05 9.9937E-05 9.9937E-05 9.9937E-05 0.751438 0.247862 9.9937E-05 9.9937E-05 9.9937E-05
0.0044601 0.00331119 0.0131562 0.00810912 0.0307288 9.9982E-05 0.183289 9.9982E-05 0.756746
9.9946E-05 9.9946E-05 9.9946E-05 9.9946E-05 0.0535441 9.9946E-05 0.176793 9.9946E-05 0.769063
9.9973E-05 9.9973E-05 0.00332117 0.00306782 0.025641 0.00528293 0.178397 9.9973E-05 0.783991
0.000900188 9.9982E-05 0.0055813 0.00479421 9.9982E-05 0.00206381 0.0147476 0.766953 0.20476
0.0302041 0.00458989 0.00709166 0.00929411 0.0102135 9.9991E-05 0.00907415 0.786971 0.142461
0.0289193 0.00686938 0.0026418 0.0058653 0.0163013 0.00794018 0.042434 0.80958 0.0794493
9.993E-05 9.993E-05 0.999201 9.993E-05 9.993E-05 9.993E-05 9.993E-05 9.993E-05 9.993E-05
9.993E-05 9.993E-05 0.999201 9.993E-05 9.993E-05 9.993E-05 9.993E-05 9.993E-05 9.993E-05
9.993E-05 9.993E-05 0.999201 9.993E-05 9.993E-05 9.993E-05 9.993E-05 9.993E-05 9.993E-05
0.0145448 9.9973E-05 0.953172 0.00215153 9.9973E-05 0.0117274 9.9973E-05 0.00511302 0.0129909
9.9946E-05 0.00305582 0.987569 9.9946E-05 0.00877514 9.9946E-05 9.9946E-05 9.9946E-05 9.9946E-05
9.9937E-05 9.9937E-05 0.950288 9.9937E-05 0.0490122 9.9937E-05 9.9937E-05 9.9937E-05 9.9937E-05
0.013186 9.9964E-05 9.9964E-05 0.00473009 0.826589 9.9964E-05 0.122745 0.0323505 9.9964E-05
9.9937E-05 9.9937E-05 0.00513894 9.9937E-05 0.994162 9.9937E-05 9.9937E-05 9.9937E-05 9.9937E-05
9.9937E-05 9.9937E-05 9.9937E-05 9.9937E-05 0.93792 9.9937E-05 0.06138 9.9937E-05 9.9937E-05
0.00180348 9.9964E-05 0.0143187 9.9964E-05 0.946776 9.9964E-05 0.000846811 0.0358549 9.9964E-05
9.9946E-05 9.9946E-05 9.9946E-05 9.9946E-05 0.97227 9.9946E-05 0.0209976 9.9946E-05 0.00613296
9.9937E-05 9.9937E-05 0.00149494 9.9937E-05 0.997806 9.9937E-05 9.9937E-05 9.9937E-05 9.9937E-05
9.9937E-05 9.9937E-05 9.9937E-05 9.9937E-05 9.9937E-05 9.9937E-05 9.9937E-05 0.0630138 0.936287
9.9937E-05 9.9937E-05 9.9937E-05 9.9937E-05 9.9937E-05 9.9937E-05 9.9937E-05 0.0311137 0.968187
9.993E-05 9.993E-05 9.993E-05 9.993E-05 9.993E-05 9.993E-05 9.993E-05 9.993E-05 0.999201
9.9937E-05 9.9937E-05 9.9937E-05 9.9937E-05 9.9937E-05 0.996031 0.00326932 9.9937E-05 9.9937E-05
0.00323239 9.9964E-05 9.9964E-05 9.9964E-05 9.9964E-05 0.972054 0.00745586 0.010338 0.00651975
0.0110156 9.9955E-05 9.9955E-05 9.9955E-05 9.9955E-05 0.930988 0.036171 9.9955E-05 0.0213256
9.993E-05 9.993E-05 9.993E-05 9.993E-05 9.993E-05 9.993E-05 9.993E-05 0.999201 9.993E-05
9.993E-05 9.993E-05 9.993E-05 9.993E-05 9.993E-05 9.993E-05 9.993E-05 0.999201 9.993E-05
0.0365808 9.9973E-05 0.0161291 0.00716887 9.9973E-05 0.0254846 9.9973E-05 0.883622 0.0307147
0.860485 9.9982E-05 0.00112757 0.00793093 0.00155602 9.9982E-05 0.0344445 0.0638868 0.0303689
0.882991 0.000214127 9.9964E-05 9.9964E-05 0.0189479 0.00419837 9.9964E-05 0.0932485 9.9964E-05
0.861484 9.99688E-05 0.00614115 0.00577141 0.0178238 9.99688E-05 9.99688E-05 0.10838 9.99688E-05
0.00464621 0.994654 9.9937E-05 9.9937E-05 9.9937E-05 9.9937E-05 9.9937E-05 9.9937E-05 9.9937E-05
9.993E-05 0.999201 9.993E-05 9.993E-05 9.993E-05 9.993E-05 9.993E-05 9.993E-05 9.993E-05
0.0112635 0.968605 0.00532948 9.9964E-05 0.00913697 9.9964E-05 9.9964E-05 0.00526559 9.9964E-05
0.00476366 9.9946E-05 9.9946E-05 9.9946E-05 9.9946E-05 9.9946E-05 9.9946E-05 0.200455 0.794182
0.0978424 0.011714 0.0270556 0.0430819 0.0144672 0.0746327 9.9991E-05 0.185599 0.545508
9.9946E-05 0.00634963 9.9946E-05 9.9946E-05 9.9946E-05 9.9946E-05 9.9946E-05 0.193302 0.799749
0.966914 9.9955E-05 0.00858103 9.9955E-05 0.0110671 0.0129382 9.9955E-05 9.9955E-05 9.9955E-05
0.974295 9.9946E-05 9.9946E-05 9.9946E-05 9.9946E-05 0.00272023 9.9946E-05 9.9946E-05 0.022385
0.999201 9.993E-05 9.993E-05 9.993E-05 9.993E-05 9.993E-05 9.993E-05 9.993E-05 9.993E-05
0.0207629 9.9991E-05 0.00470093 0.00402686 0.00288079 0.943937 0.00486239 0.0114566 0.00727295
0.0101752 9.9964E-05 9.9964E-05 0.00464276 9.9964E-05 0.908604 0.0250935 9.9964E-05 0.0510851
0.00266414 9.9973E-05 0.00461946 9.9973E-05 0.00568555 0.974858 9.9973E-05 0.0114765 0.000396778
9.993E-05 9.993E-05 9.993E-05 9.993E-05 9.993E-05 9.993E-05 9.993E-05 9.993E-05 0.999201
0.0168227 0.00114736 0.000613721 9.9964E-05 9.9964E-05 0.00488143 9.9964E-05 9.9964E-05 0.976135
9.9946E-05 9.9946E-05 9.9946E-05 0.00140374 0.0130144 9.9946E-05 9.9946E-05 9.9946E-05 0.984982
0.986699 9.9937E-05 9.9937E-05 9.9937E-05 9.9937E-05 9.9937E-05 9.9937E-05 9.9937E-05 0.0126014
0.990328 9.99447E-05 9.99447E-05 9.99447E-05 9.99447E-05 9.99447E-05 9.99447E-05 9.99447E-05 0.00897266
0.999201 9.993E-05 9.993E-05 9.993E-05 9.993E-05 9.993E-05 9.993E-05 9.993E-05 9.993E-05
0.0544348 0.00922372 0.0152831 0.808612 0.0242853 0.0323396 9.9982E-05 9.9982E-05 0.0556211
9.9973E-05 0.00264808 0.00829001 0.938649 0.011975 9.9973E-05 9.9973E-05 0.00573616 0.0324015
9.9955E-05 9.9955E-05 0.00404765 0.992725 9.9955E-05 9.9955E-05 0.00188629 9.9955E-05 0.000841373
9.993E-05 9.993E-05 9.993E-05 9.993E-05 9.993E-05 0.999201 9.993E-05 9.993E-05 9.993E-05
0.00128961 0.00267507 9.997E-05 0.00165344 9.997E-05 0.981708 0.00898384 0.00338987 9.997E-05
9.993E-05 9.993E-05 9.993E-05 9.993E-05 9.993E-05 0.999201 9.993E-05 9.993E-05 9.993E-05
9.993E-05 9.993E-05 9.993E-05 9.993E-05 9.993E-05 9.993E-05 9.993E-05 0.999201 9.993E-05
9.99361E-05 9.99361E-05 9.99361E-05 9.99361E-05 9.99361E-05 9.99361E-05 9.99361E-05 0.999201 9.99361E-05
0.0161758 0.00144965 0.00139036 9.9973E-05 9.9973E-05 9.9973E-05 0.0142043 0.812171 0.154309
0.0426523 0.003547 0.0030652 0.00567216 9.9991E-05 0.0230433 0.00135388 0.878996 0.0415705
9.993E-05 9.993E-05 9.993E-05 9.993E-05 9.993E-05 9.993E-05 9.993E-05 0.999201 9.993E-05
0.0082794 9.9946E-05 0.0021166 9.9946E-05 9.9946E-05 9.9946E-05 9.9946E-05 0.989004 9.9946E-05
