9.9946E-05 9.9946E-05 9.9946E-05 0.00578303 9.9946E-05 9.9946E-05 9.9946E-05 0.992575 0.00104269
9.9955E-05 9.9955E-05 0.0119014 0.0152365 9.9955E-05 9.9955E-05 9.9955E-05 0.967446 0.00491671
9.9946E-05 9.9946E-05 0.0035437 0.0106717 9.9946E-05 9.9946E-05 9.9946E-05 0.985185 9.9946E-05
0.0256532 0.360347 0.0423725 0.01509 0.505219 0.00487113 0.0163264 0.0300209 9.9991E-05
0.0117651 0.344965 0.0415862 0.0207305 0.534615 0.004367 0.0120606 0.02981 9.9991E-05
0.0502968 0.320455 0.0254294 0.0340988 0.451265 0.018999 0.0179949 0.0803925 0.00106808
9.9955E-05 9.9955E-05 0.0286767 0.012007 9.9955E-05 9.9955E-05 9.9955E-05 0.94925 0.00956606
9.996E-05 0.00633094 9.996E-05 0.018467 0.0446979 9.996E-05 9.996E-05 0.929707 0.000397476
0.00145634 9.9955E-05 9.9955E-05 9.9955E-05 0.0355229 0.00150924 9.9955E-05 0.961012 9.9955E-05
0.0209342 0.0118894 0.0235188 9.9982E-05 9.9982E-05 0.929775 0.00548842 0.00778955 0.000404977
9.993E-05 9.993E-05 9.993E-05 9.993E-05 9.993E-05 0.999201 9.993E-05 9.993E-05 9.993E-05
9.9946E-05 9.9946E-05 0.000836046 0.00197831 9.9946E-05 0.996586 9.9946E-05 9.9946E-05 9.9946E-05
9.9982E-05 0.425526 0.000829614 9.9982E-05 0.542757 0.00380875 0.00717272 0.0177902 0.00191559
9.9946E-05 0.536353 0.0274208 9.9946E-05 0.435626 9.9946E-05 9.9946E-05 9.9946E-05 9.9946E-05
0.0166933 0.286353 0.0597813 0.000144415 0.605291 0.0147362 0.00287793 0.00967784 0.00444476
9.9955E-05 9.9955E-05 0.743953 0.0056904 9.9955E-05 9.9955E-05 9.9955E-05 0.248661 0.00119556
9.9946E-05 9.9946E-05 0.719785 0.00279942 9.9946E-05 9.9946E-05 9.9946E-05 0.276816 9.9946E-05
9.9937E-05 9.9937E-05 0.716433 9.9937E-05 9.9937E-05 9.9937E-05 9.9937E-05 0.282867 9.9937E-05
9.9937E-05 0.115906 9.9937E-05 9.9937E-05 0.883395 9.9937E-05 9.9937E-05 9.9937E-05 9.9937E-05
0.000825321 0.16926 9.9955E-05 9.9955E-05 0.827892 9.9955E-05 0.00152274 9.9955E-05 9.9955E-05
9.9937E-05 0.0891607 9.9937E-05 9.9937E-05 0.91014 9.9937E-05 9.9937E-05 9.9937E-05 9.9937E-05
0.972743 9.9937E-05 9.9937E-05 9.9937E-05 0.0265579 9.9937E-05 9.9937E-05 9.9937E-05 9.9937E-05
0.999201 9.993E-05 9.993E-05 9.993E-05 9.993E-05 9.993E-05 9.993E-05 9.993E-05 9.993E-05
0.987001 0.00396122 9.99695E-05 0.00307447 9.99695E-05 9.99695E-05 0.000627723 0.0049353 9.99695E-05
0.0200401 0.0158797 0.04454 0.0064558 0.00624963 0.896739 9.9982E-05 9.9982E-05 0.00989547
9.993E-05 9.993E-05 9.993E-05 9.993E-05 9.993E-05 0.999201 9.993E-05 9.993E-05 9.993E-05
9.993E-05 9.993E-05 9.993E-05 9.993E-05 9.993E-05 0.999201 9.993E-05 9.993E-05 9.993E-05
9.9946E-05 9.9946E-05 0.0396443 9.9946E-05 0.958443 9.9946E-05 9.9946E-05 9.9946E-05 0.001313
9.9964E-05 9.9964E-05 0.0512897 9.9964E-05 0.919524 9.9964E-05 0.00506307 0.00226022 0.0214628
9.9937E-05 9.9937E-05 0.0262756 9.9937E-05 0.973025 9.9937E-05 9.9937E-05 9.9937E-05 9.9937E-05
0.0339851 9.997E-05 0.568454 0.0194373 0.344299 0.0132064 0.0203184 9.997E-05 9.997E-05
0.0530805 9.9973E-05 0.577166 0.0119532 0.333414 0.0176739 0.00641259 9.9973E-05 9.9973E-05
0.076457 9.9973E-05 0.550011 0.0204024 0.313986 0.024193 0.0146503 9.9973E-05 9.9973E-05
0.0227282 0.0273343 0.608187 0.0289756 0.012994 0.0219734 0.00244097 0.275266 9.9991E-05
9.9937E-05 9.9937E-05 0.678882 9.9937E-05 9.9937E-05 9.9937E-05 9.9937E-05 0.320418 9.9937E-05
9.9937E-05 9.9937E-05 0.692513 9.9937E-05 9.9937E-05 9.9937E-05 9.9937E-05 0.306788 9.9937E-05
0.00424589 9.9964E-05 0.13115 0.00411776 0.854666 0.00542006 9.9964E-05 9.9964E-05 9.9964E-05
9.9946E-05 9.9946E-05 0.145089 0.000973387 0.853338 9.9946E-05 9.9946E-05 9.9946E-05 9.9946E-05
0.00608833 9.9964E-05 0.104888 0.00103302 0.883327 0.00426412 9.9964E-05 9.9964E-05 9.9964E-05
9.9964E-05 0.750041 9.9964E-05 0.00735921 0.234232 0.00203603 0.00593204 9.9964E-05 9.9964E-05
0.038444 0.762497 9.998E-05 0.00477577 0.156873 0.0109982 0.00804748 0.018164 9.998E-05
0.0419449 0.764086 0.0244911 0.00862688 0.136298 0.00646986 9.9991E-05 0.0105934 0.00738968
9.993E-05 9.993E-05 9.993E-05 0.999201 9.993E-05 9.993E-05 9.993E-05 9.993E-05 9.993E-05
9.9937E-05 9.9937E-05 9.9937E-05 0.954324 9.9937E-05 9.9937E-05 9.9937E-05 9.9937E-05 0.044976
9.993E-05 9.993E-05 9.993E-05 0.999201 9.993E-05 9.993E-05 9.993E-05 9.993E-05 9.993E-05
0.0160131 0.0130398 0.000807357 0.944296 0.00317086 0.00279617 9.9982E-05 0.0196765 9.9982E-05
9.9946E-05 9.9946E-05 0.0101119 0.987118 9.9946E-05 9.9946E-05 9.9946E-05 9.9946E-05 0.00217044
9.993E-05 9.993E-05 9.993E-05 9.993E-05 9.993E-05 9.993E-05 9.993E-05 9.993E-05 0.999201
9.9946E-05 0.0605489 0.938476 9.9946E-05 9.9946E-05 9.9946E-05 0.000374887 9.9946E-05 9.9946E-05
9.9937E-05 9.9937E-05 0.991936 9.9937E-05 9.9937E-05 9.9937E-05 9.9937E-05 9.9937E-05 0.00736492
9.993E-05 9.993E-05 0.999201 9.993E-05 9.993E-05 9.993E-05 9.993E-05 9.993E-05 9.993E-05
9.9946E-05 0.0253876 0.94759 9.9946E-05 9.9946E-05 9.9946E-05 9.9946E-05 9.9946E-05 0.0264227
9.993E-05 9.993E-05 0.999201 9.993E-05 9.993E-05 9.993E-05 9.993E-05 9.993E-05 9.993E-05
9.993E-05 9.993E-05 0.999201 9.993E-05 9.993E-05 9.993E-05 9.993E-05 9.993E-05 9.993E-05
0.00837476 0.0750395 9.9955E-05 9.9955E-05 0.915421 9.9955E-05 9.9955E-05 9.9955E-05 0.000664628
9.9937E-05 0.0493486 9.9937E-05 9.9937E-05 0.949952 9.9937E-05 9.9937E-05 9.9937E-05 9.9937E-05
9.993E-05 9.993E-05 9.993E-05 9.993E-05 0.999201 9.993E-05 9.993E-05 9.993E-05 9.993E-05
9.9937E-05 9.9937E-05 9.9937E-05 9.9937E-05 9.9937E-05 0.000117847 9.9937E-05 0.999183 9.9937E-05
0.0100117 0.00363944 9.9955E-05 9.9955E-05 0.00613385 9.9955E-05 9.9955E-05 0.979715 9.9955E-05
0.0120421 9.9964E-05 9.9964E-05 9.9964E-05 0.0418573 0.00164892 0.00139411 0.942658 9.9964E-05
9.993E-05 0.999201 9.993E-05 9.993E-05 9.993E-05 9.993E-05 9.993E-05 9.993E-05 9.993E-05
9.993E-05 0.999201 9.993E-05 9.993E-05 9.993E-05 9.993E-05 9.993E-05 9.993E-05 9.993E-05
0.0306226 0.906275 9.9982E-05 9.9982E-05 0.00158435 0.00357754 0.00790181 0.0312125 0.0186261
0.853473 0.0834002 0.0285273 9.9964E-05 0.0262818 0.00791752 9.9964E-05 9.9964E-05 9.9964E-05
0.893524 0.073329 0.0224077 0.00744306 9.9973E-05 0.000557297 9.9973E-05 0.00243854 9.9973E-05
0.877185 0.100108 0.0160259 0.00618124 9.9955E-05 9.9955E-05 9.9955E-05 9.9955E-05 9.9955E-05
0.0131069 9.9937E-05 9.9937E-05 9.9937E-05 9.9937E-05 9.9937E-05 0.986194 9.9937E-05 9.9937E-05
9.993E-05 9.993E-05 9.993E-05 9.993E-05 9.993E-05 9.993E-05 0.999201 9.993E-05 9.993E-05
9.9946E-05 9.9946E-05 9.9946E-05 0.00457809 9.9946E-05 0.00146005 0.993362 9.9946E-05 9.9946E-05
9.9937E-05 0.230718 9.9937E-05 9.9937E-05 0.768583 9.9937E-05 9.9937E-05 9.9937E-05 9.9937E-05
0.101104 0.213398 9.998E-05 0.0333657 0.532614 0.0348967 0.00661865 0.0778032 9.998E-05
0.00312617 0.215489 9.9946E-05 9.9946E-05 0.780785 9.9946E-05 9.9946E-05 9.9946E-05 9.9946E-05
0.970304 9.9964E-05 0.0105398 0.0126919 9.9964E-05 9.9964E-05 9.9964E-05 0.00541768 0.00064678
0.980693 9.9937E-05 9.9937E-05 9.9937E-05 0.0186077 9.9937E-05 9.9937E-05 9.9937E-05 9.9937E-05
0.999201 9.993E-05 9.993E-05 9.993E-05 9.993E-05 9.993E-05 9.993E-05 9.993E-05 9.993E-05
0.0149116 9.9964E-05 9.9964E-05 0.000543352 0.0282887 0.00625839 9.9964E-05 0.949598 9.9964E-05
0.00679647 9.9955E-05 9.9955E-05 9.9955E-05 0.0701489 0.00375824 9.9955E-05 0.918797 9.9955E-05
0.00357515 0.00498654 9.9964E-05 0.00275654 9.9964E-05 9.9964E-05 9.9964E-05 0.987752 0.000530063
9.9937E-05 0.0112834 9.9937E-05 9.9937E-05 0.988017 9.9937E-05 9.9937E-05 9.9937E-05 9.9937E-05
0.0121008 0.0113484 9.9955E-05 9.9955E-05 0.971614 9.9955E-05 9.9955E-05 0.00443685 9.9955E-05
9.993E-05 9.993E-05 9.993E-05 9.993E-05 0.999201 9.993E-05 9.993E-05 9.993E-05 9.993E-05
0.995986 9.9937E-05 9.9937E-05 9.9937E-05 0.003314 9.9937E-05 9.9937E-05 9.9937E-05 9.9937E-05
0.974583 9.9946E-05 9.9946E-05 9.9946E-05 0.0245832 9.9946E-05 0.000234408 9.9946E-05 9.9946E-05
0.999201 9.993E-05 9.993E-05 9.993E-05 9.993E-05 9.993E-05 9.993E-05 9.993E-05 9.993E-05
0.0583644 0.023275 0.0268194 9.999E-05 0.0187953 0.804628 0.0227968 0.0252662 0.0199546
0.0196578 0.0270129 9.9955E-05 9.9955E-05 9.9955E-05 0.93219 9.9955E-05 0.0206395 9.9955E-05
0.00129823 9.9946E-05 9.9946E-05 9.9946E-05 9.9946E-05 0.996729 9.9946E-05 9.9946E-05 0.00137304
9.993E-05 9.993E-05 9.993E-05 9.993E-05 9.993E-05 9.993E-05 9.993E-05 0.999201 9.993E-05
0.00613536 9.9946E-05 9.9946E-05 9.9946E-05 9.9946E-05 9.9946E-05 0.000357376 0.992908 9.9946E-05
9.993E-05 9.993E-05 9.993E-05 9.993E-05 9.993E-05 9.993E-05 9.993E-05 0.999201 9.993E-05
9.993E-05 0.999201 9.993E-05 9.993E-05 9.993E-05 9.993E-05 9.993E-05 9.993E-05 9.993E-05
9.993E-05 0.999201 9.993E-05 9.993E-05 9.993E-05 9.993E-05 9.993E-05 9.993E-05 9.993E-05
0.0199404 0.828668 0.013716 0.00173716 0.13304 0.00115077 9.998E-05 9.998E-05 0.00154786
0.0333504 0.845689 9.998E-05 0.0124319 0.0615004 0.011029 0.0113596 0.0244403 9.998E-05
9.993E-05 0.999201 9.993E-05 9.993E-05 9.993E-05 9.993E-05 9.993E-05 9.993E-05 9.993E-05
0.0115838 0.987717 9.9937E-05 9.9937E-05 9.9937E-05 9.9937E-05 9.9937E-05 9.9937E-05 9.9937E-05
