0.0110308 9.9937E-05 9.9937E-05 0.98827 9.9937E-05 9.9937E-05 9.9937E-05 9.9937E-05 9.9937E-05
0.0144132 9.9946E-05 9.9946E-05 0.946872 0.0381154 9.9946E-05 9.9946E-05 9.9946E-05 9.9946E-05
0.00704272 9.9946E-05 9.9946E-05 0.976977 0.0153811 9.9946E-05 9.9946E-05 9.9946E-05 9.9946E-05
0.0130817 9.9991E-05 0.35624 0.0244875 0.0417232 0.0337904 0.0143351 0.0402821 0.475961
0.0262101 9.9991E-05 0.363082 0.02534 0.0219837 0.0197311 0.00477775 0.073297 0.465478
0.0472222 0.00821061 0.303912 0.0590476 0.0212445 0.0540977 0.0244857 0.0735372 0.408242
0.0195314 9.9946E-05 9.9946E-05 0.943497 0.036372 9.9946E-05 9.9946E-05 9.9946E-05 9.9946E-05
0.0242119 9.9946E-05 9.9946E-05 0.927448 9.9946E-05 9.9946E-05 9.9946E-05 9.9946E-05 0.04774
9.9955E-05 9.9955E-05 9.9955E-05 0.947989 9.9955E-05 0.0131767 9.9955E-05 0.022247 0.0160872
9.998E-05 0.000137866 9.998E-05 0.0171507 0.00467343 0.00122745 0.933692 0.00446493 0.0384535
9.9946E-05 0.00608049 0.00288561 9.9946E-05 9.9946E-05 9.9946E-05 0.990434 9.9946E-05 9.9946E-05
9.993E-05 9.993E-05 9.993E-05 9.993E-05 9.993E-05 9.993E-05 0.999201 9.993E-05 9.993E-05
9.9973E-05 9.9973E-05 0.421634 0.0188182 0.0031895 9.9973E-05 0.000829219 0.0161778 0.539051
9.9946E-05 9.9946E-05 0.49156 9.9946E-05 0.0266982 9.9946E-05 9.9946E-05 9.9946E-05 0.481142
0.00873484 0.000735218 0.266626 0.000402141 0.0217928 0.013481 0.0136579 0.0734558 0.601115
0.00160182 9.9946E-05 9.9946E-05 0.232896 0.764903 9.9946E-05 9.9946E-05 9.9946E-05 9.9946E-05
0.00211196 9.9964E-05 9.9964E-05 0.248197 0.742471 0.00456405 9.9964E-05 0.00225576 9.9964E-05
0.00214951 9.9946E-05 9.9946E-05 0.241597 0.755654 9.9946E-05 9.9946E-05 9.9946E-05 9.9946E-05
9.9937E-05 9.9937E-05 0.0727762 9.9937E-05 9.9937E-05 9.9937E-05 9.9937E-05 9.9937E-05 0.926524
9.9946E-05 9.9946E-05 0.123565 9.9946E-05 9.9946E-05 0.00437889 9.9946E-05 9.9946E-05 0.871457
9.9937E-05 9.9937E-05 0.0513608 9.9937E-05 9.9937E-05 9.9937E-05 9.9937E-05 9.9937E-05 0.94794
9.9937E-05 9.9937E-05 9.9937E-05 9.9937E-05 9.9937E-05 0.97401 9.9937E-05 9.9937E-05 0.0252908
9.993E-05 9.993E-05 9.993E-05 9.993E-05 9.993E-05 0.999201 9.993E-05 9.993E-05 9.993E-05
0.000799942 0.000976807 0.00047632 0.002737 9.9973E-05 0.989579 0.00513084 9.9973E-05 9.9973E-05
9.99798E-05 0.000340068 9.99798E-05 0.0391707 0.00909351 0.0272037 0.897626 0.0262658 9.99798E-05
9.993E-05 9.993E-05 9.993E-05 9.993E-05 9.993E-05 9.993E-05 0.999201 9.993E-05 9.993E-05
9.993E-05 9.993E-05 9.993E-05 9.993E-05 9.993E-05 9.993E-05 0.999201 9.993E-05 9.993E-05
9.9946E-05 9.9946E-05 9.9946E-05 9.9946E-05 0.0412673 9.9946E-05 9.9946E-05 0.032348 0.925785
0.00104279 0.0106731 9.9964E-05 9.9964E-05 0.0597238 9.9964E-05 9.9964E-05 0.036747 0.891413
9.9946E-05 9.9946E-05 9.9946E-05 9.9946E-05 0.0200434 9.9946E-05 9.9946E-05 0.045147 0.93421
9.993E-05 9.993E-05 9.993E-05 9.993E-05 9.993E-05 9.993E-05 9.993E-05 0.999201 9.993E-05
9.993E-05 9.993E-05 9.993E-05 9.993E-05 9.993E-05 9.993E-05 9.993E-05 0.999201 9.993E-05
0.00413091 9.9964E-05 9.9964E-05 0.026973 9.9964E-05 0.0199631 0.00766224 0.940871 9.9964E-05
0.0278522 0.00393172 0.0111878 0.249292 0.639517 0.0159981 0.0155419 9.9991E-05 0.0365797
9.9937E-05 9.9937E-05 9.9937E-05 0.283324 0.715977 9.9937E-05 9.9937E-05 9.9937E-05 9.9937E-05
9.9937E-05 9.9937E-05 9.9937E-05 0.256313 0.742988 9.9937E-05 9.9937E-05 9.9937E-05 9.9937E-05
0.00696057 0.00955486 9.9982E-05 9.9982E-05 0.0397534 0.00596017 0.00703031 0.194228 0.736312
9.9946E-05 9.9946E-05 9.9946E-05 9.9946E-05 0.0558631 9.9946E-05 9.9946E-05 0.174541 0.768996
0.00111979 9.9973E-05 9.9973E-05 9.9973E-05 0.0234319 0.00516829 0.00302142 0.17363 0.793329
0.00841392 9.9982E-05 0.75667 0.00250345 9.9982E-05 0.0010688 0.00608805 0.00393244 0.221124
9.9973E-05 9.9973E-05 0.77461 0.0210324 9.9973E-05 0.0453523 0.0108265 0.00928761 0.138591
0.0106705 9.9991E-05 0.787276 0.0169861 0.0121771 0.0306336 0.00275527 0.0211374 0.118264
0.999201 9.993E-05 9.993E-05 9.993E-05 9.993E-05 9.993E-05 9.993E-05 9.993E-05 9.993E-05
0.999201 9.993E-05 9.993E-05 9.993E-05 9.993E-05 9.993E-05 9.993E-05 9.993E-05 9.993E-05
0.997393 9.9937E-05 9.9937E-05 9.9937E-05 0.00190789 9.9937E-05 9.9937E-05 9.9937E-05 9.9937E-05
0.957253 9.9973E-05 0.0202519 0.00522988 9.9973E-05 0.00785378 0.00403353 0.00507803 9.9973E-05
0.995902 9.9937E-05 9.9937E-05 9.9937E-05 0.00339877 9.9937E-05 9.9937E-05 9.9937E-05 9.9937E-05
0.949203 9.9955E-05 9.9955E-05 9.9955E-05 0.0381283 0.00315606 9.9955E-05 9.9955E-05 0.00901272
9.9973E-05 9.9973E-05 0.0414122 9.9973E-05 0.854223 0.00307921 0.00305827 0.0947578 0.00316981
0.00243375 9.9937E-05 9.9937E-05 9.9937E-05 0.996867 9.9937E-05 9.9937E-05 9.9937E-05 9.9937E-05
9.9937E-05 9.9937E-05 9.9937E-05 9.9937E-05 0.924052 9.9937E-05 9.9937E-05 0.0752482 9.9937E-05
0.0120948 0.00275608 0.0236988 9.9964E-05 0.949864 0.0111868 9.9964E-05 9.9964E-05 9.9964E-05
9.9937E-05 9.9937E-05 9.9937E-05 9.9937E-05 0.990738 9.9937E-05 9.9937E-05 0.00856235 9.9937E-05
9.993E-05 9.993E-05 9.993E-05 9.993E-05 0.999201 9.993E-05 9.993E-05 9.993E-05 9.993E-05
9.9937E-05 9.9937E-05 0.0478645 9.9937E-05 9.9937E-05 9.9937E-05 9.9937E-05 9.9937E-05 0.951436
9.99479E-05 9.99479E-05 0.0232397 9.99479E-05 9.99479E-05 0.00539601 9.99479E-05 9.99479E-05 0.970765
9.993E-05 9.993E-05 9.993E-05 9.993E-05 9.993E-05 9.993E-05 9.993E-05 9.993E-05 0.999201
9.99473E-05 9.99473E-05 9.99473E-05 0.994831 9.99473E-05 0.000976284 0.00359296 9.99473E-05 9.99473E-05
9.99531E-05 9.99531E-05 0.0024601 0.980406 9.99531E-05 0.0165346 9.99531E-05 9.99531E-05 9.99531E-05
9.9964E-05 0.0013726 9.9964E-05 0.930096 9.9964E-05 0.0211452 9.9964E-05 0.0166495 0.0303368
9.993E-05 9.993E-05 0.999201 9.993E-05 9.993E-05 9.993E-05 9.993E-05 9.993E-05 9.993E-05
9.993E-05 9.993E-05 0.999201 9.993E-05 9.993E-05 9.993E-05 9.993E-05 9.993E-05 9.993E-05
0.0153058 9.9982E-05 0.885795 0.0190644 0.0144241 0.0375601 0.00265498 9.9982E-05 0.0249961
9.998E-05 0.011653 0.0653867 9.998E-05 0.000176967 0.856096 0.00601928 0.0274009 0.0330673
9.9964E-05 0.000648195 0.0845154 9.9964E-05 0.0268671 0.886491 0.00107823 9.9964E-05 9.9964E-05
9.9964E-05 0.00452486 0.0884233 0.00664853 0.01314 0.886863 9.9964E-05 9.9964E-05 9.9964E-05
0.00939729 0.977464 0.00165741 0.00772778 9.9964E-05 0.00335376 9.9964E-05 9.9964E-05 9.9964E-05
9.993E-05 0.999201 9.993E-05 9.993E-05 9.993E-05 9.993E-05 9.993E-05 9.993E-05 9.993E-05
9.993E-05 0.999201 9.993E-05 9.993E-05 9.993E-05 9.993E-05 9.993E-05 9.993E-05 9.993E-05
9.9946E-05 9.9946E-05 0.195336 9.9946E-05 9.9946E-05 0.00788931 9.9946E-05 9.9946E-05 0.796175
0.0205911 9.9982E-05 0.227684 0.0845082 0.0174302 0.0841949 0.028687 9.9982E-05 0.536705
9.9955E-05 0.00639255 0.185065 9.9955E-05 9.9955E-05 0.0014951 9.9955E-05 9.9955E-05 0.806548
0.00808604 9.9973E-05 9.9973E-05 0.0105938 0.0221637 0.954811 0.000431032 9.9973E-05 0.0036148
9.9946E-05 9.9946E-05 9.9946E-05 9.9946E-05 9.9946E-05 0.990817 9.9946E-05 0.00482656 0.00375645
9.993E-05 9.993E-05 9.993E-05 9.993E-05 9.993E-05 0.999201 9.993E-05 9.993E-05 9.993E-05
0.0018536 0.00306839 0.00454743 0.94721 0.00576283 0.0128144 9.9991E-05 0.0138258 0.0108175
9.997E-05 0.00177317 9.997E-05 0.897237 9.997E-05 0.0166338 0.000210635 0.0416644 0.0421813
9.9955E-05 0.00504027 0.000139366 0.99045 9.9955E-05 0.00387101 9.9955E-05 9.9955E-05 9.9955E-05
9.993E-05 9.993E-05 9.993E-05 9.993E-05 9.993E-05 9.993E-05 9.993E-05 9.993E-05 0.999201
0.00115062 9.9973E-05 0.0119897 0.00954581 9.9973E-05 0.0207097 0.000218616 9.9973E-05 0.956086
0.00429407 9.9946E-05 9.9946E-05 9.9946E-05 0.00990583 9.9946E-05 9.9946E-05 9.9946E-05 0.9852
9.9946E-05 9.9946E-05 0.00244724 9.9946E-05 9.9946E-05 0.980663 9.9946E-05 9.9946E-05 0.0162898
9.9937E-05 9.9937E-05 9.9937E-05 9.9937E-05 9.9937E-05 0.976638 9.9937E-05 9.9937E-05 0.0226626
9.993E-05 9.993E-05 9.993E-05 9.993E-05 9.993E-05 0.999201 9.993E-05 9.993E-05 9.993E-05
0.0334104 0.00569645 0.0130605 0.0360224 9.998E-05 0.0373493 0.815263 9.998E-05 0.0589979
0.0057021 9.9964E-05 9.9964E-05 0.0102772 0.0137226 9.9964E-05 0.929424 9.9964E-05 0.0404745
9.9937E-05 9.9937E-05 0.00377631 9.9937E-05 9.9937E-05 9.9937E-05 0.995524 9.9937E-05 9.9937E-05
9.9937E-05 9.9937E-05 9.9937E-05 0.991361 9.9937E-05 9.9937E-05 9.9937E-05 0.00793923 9.9937E-05
9.9946E-05 9.9946E-05 0.00964659 0.98363 9.9946E-05 9.9946E-05 9.9946E-05 0.00612339 9.9946E-05
9.993E-05 9.993E-05 9.993E-05 0.999201 9.993E-05 9.993E-05 9.993E-05 9.993E-05 9.993E-05
9.993E-05 9.993E-05 0.999201 9.993E-05 9.993E-05 9.993E-05 9.993E-05 9.993E-05 9.993E-05
9.9937E-05 9.9937E-05 0.998826 9.9937E-05 0.000474832 9.9937E-05 9.9937E-05 9.9937E-05 9.9937E-05
9.9964E-05 0.00857222 0.839865 9.9964E-05 9.9964E-05 9.9964E-05 0.00600245 0.0108591 0.134301
0.00680404 0.0172772 0.858666 0.0188782 9.998E-05 0.0342499 0.00591993 9.998E-05 0.0580045
9.993E-05 9.993E-05 0.999201 9.993E-05 9.993E-05 9.993E-05 9.993E-05 9.993E-05 9.993E-05
0.00550182 9.9946E-05 0.988432 9.9946E-05 9.9946E-05 0.00546604 9.9946E-05 9.9946E-05 9.9946E-05
