0.0159222 0.974438 9.9946E-05 0.00904063 9.9946E-05 9.9946E-05 9.9946E-05 9.9946E-05 9.9946E-05
0.00968902 0.942803 9.9946E-05 0.046908 9.9946E-05 9.9946E-05 9.9946E-05 9.9946E-05 9.9946E-05
0.00211385 0.985307 9.9946E-05 0.0119796 9.9946E-05 9.9946E-05 9.9946E-05 9.9946E-05 9.9946E-05
0.0174099 0.0317154 0.0121883 0.0412063 9.9991E-05 0.06948 0.0110581 0.0192143 0.797628
0.0219928 0.0287453 0.00879501 0.0377272 0.00178869 0.0865199 9.9991E-05 0.00430689 0.810024
0.0393595 0.0746602 0.0175674 0.0301999 0.0165495 0.0785377 0.0107619 0.0338297 0.698534
0.0179942 0.931153 9.9946E-05 0.0502535 9.9946E-05 9.9946E-05 9.9946E-05 9.9946E-05 9.9946E-05
0.0186357 0.926385 0.00699961 0.00426695 9.9964E-05 9.9964E-05 9.9964E-05 9.9964E-05 0.0433126
9.9955E-05 0.947263 9.9955E-05 9.9955E-05 9.9955E-05 0.029179 9.9955E-05 0.00107046 0.0219879
0.012453 0.00566241 9.9982E-05 0.0239612 9.9982E-05 0.00437893 0.930705 0.0108624 0.011777
9.9946E-05 9.9946E-05 9.9946E-05 9.9946E-05 0.00102456 9.9946E-05 0.994348 9.9946E-05 0.00402755
9.993E-05 9.993E-05 9.993E-05 9.993E-05 9.993E-05 9.993E-05 0.999201 9.993E-05 9.993E-05
9.9973E-05 0.0174914 0.0024586 0.00662849 9.9973E-05 0.0583514 9.9973E-05 0.00270236 0.912068
9.9946E-05 9.9946E-05 9.9946E-05 0.0252883 9.9946E-05 0.0275221 9.9946E-05 9.9946E-05 0.94659
0.0091072 0.00326988 0.0123616 0.0365576 9.9991E-05 0.137683 0.0167819 0.00356919 0.78057
0.0034102 0.191341 0.0035268 0.801223 9.9955E-05 9.9955E-05 9.9955E-05 9.9955E-05 9.9955E-05
0.0044886 0.224693 0.000314581 0.75751 0.0092074 9.9973E-05 9.9973E-05 0.00348632 9.9973E-05
0.00105461 0.225622 0.00228432 0.77054 9.9955E-05 9.9955E-05 9.9955E-05 9.9955E-05 9.9955E-05
9.9955E-05 9.9955E-05 0.00575948 0.0232744 9.9955E-05 0.0112535 9.9955E-05 9.9955E-05 0.959213
9.9955E-05 0.01061 0.00952143 9.9955E-05 0.0037653 9.9955E-05 9.9955E-05 9.9955E-05 0.975604
9.9955E-05 9.9955E-05 0.00173894 0.00856083 9.9955E-05 0.00621024 9.9955E-05 9.9955E-05 0.98299
0.00102738 9.9955E-05 9.9955E-05 9.9955E-05 0.00229567 0.00340533 9.9955E-05 0.992772 9.9955E-05
9.993E-05 9.993E-05 9.993E-05 9.993E-05 9.993E-05 9.993E-05 9.993E-05 0.999201 9.993E-05
0.00104321 0.00534644 0.00242059 0.00103772 9.9973E-05 0.00190244 9.9973E-05 0.98795 9.9973E-05
9.9982E-05 0.0219562 0.00471641 0.0116843 9.9982E-05 0.00221776 0.900999 0.0226993 0.0355274
9.9937E-05 9.9937E-05 9.9937E-05 9.9937E-05 0.00781504 9.9937E-05 0.991485 9.9937E-05 9.9937E-05
9.9937E-05 9.9937E-05 9.9937E-05 9.9937E-05 0.00728354 9.9937E-05 0.992017 9.9937E-05 9.9937E-05
9.9955E-05 0.0091058 9.9955E-05 0.0334301 9.9955E-05 0.212099 9.9955E-05 9.9955E-05 0.744865
0.00535579 0.0130996 0.00923193 0.0549524 0.00148688 0.185855 9.9982E-05 9.9982E-05 0.729819
9.9946E-05 9.9946E-05 9.9946E-05 0.0273382 9.9946E-05 0.214665 9.9946E-05 9.9946E-05 0.757398
9.993E-05 9.993E-05 9.993E-05 9.993E-05 9.993E-05 0.999201 9.993E-05 9.993E-05 9.993E-05
9.993E-05 9.993E-05 9.993E-05 9.993E-05 9.993E-05 0.999201 9.993E-05 9.993E-05 9.993E-05
0.000650312 0.0221483 9.9946E-05 9.9946E-05 9.9946E-05 0.976602 9.9946E-05 9.9946E-05 9.9946E-05
0.0197224 0.224308 0.00706696 0.674751 9.9982E-05 9.9982E-05 0.018081 0.0130403 0.0428297
9.9937E-05 0.254498 9.9937E-05 0.744802 9.9937E-05 9.9937E-05 9.9937E-05 9.9937E-05 9.9937E-05
9.9946E-05 0.25183 9.9946E-05 0.747352 9.9946E-05 9.9946E-05 0.000218255 9.9946E-05 9.9946E-05
0.00276645 0.00343864 0.00691377 0.00729047 0.00244698 0.439923 9.9982E-05 9.9982E-05 0.537021
9.99474E-05 9.99474E-05 9.99474E-05 0.0312696 9.99474E-05 0.41744 9.99474E-05 9.99474E-05 0.550691
0.00203711 9.9964E-05 0.00183489 9.9964E-05 0.00670153 0.416822 9.9964E-05 9.9964E-05 0.572205
0.00301481 9.9946E-05 9.9946E-05 9.9946E-05 9.9946E-05 9.9946E-05 9.9946E-05 0.0287867 0.967599
9.9946E-05 9.9946E-05 9.9946E-05 9.9946E-05 9.9946E-05 9.9946E-05 0.00676891 0.0650343 0.927597
0.0157409 0.00907368 9.9973E-05 0.0076506 9.9973E-05 9.9973E-05 0.00214023 0.0650864 0.900008
0.999201 9.993E-05 9.993E-05 9.993E-05 9.993E-05 9.993E-05 9.993E-05 9.993E-05 9.993E-05
0.999201 9.993E-05 9.993E-05 9.993E-05 9.993E-05 9.993E-05 9.993E-05 9.993E-05 9.993E-05
0.999201 9.993E-05 9.993E-05 9.993E-05 9.993E-05 9.993E-05 9.993E-05 9.993E-05 9.993E-05
0.95697 0.00891883 0.000235162 9.9982E-05 0.00472078 0.0110495 9.9982E-05 0.00715368 0.0107522
0.990438 9.9955E-05 9.9955E-05 9.9955E-05 0.00679349 9.9955E-05 0.00182826 0.0004402 9.9955E-05
0.958395 9.9937E-05 9.9937E-05 0.0409058 9.9937E-05 9.9937E-05 9.9937E-05 9.9937E-05 9.9937E-05
9.9964E-05 9.9964E-05 9.9964E-05 0.833772 0.00161963 0.119229 9.9964E-05 0.0186104 0.0263699
0.00566001 9.9946E-05 9.9946E-05 0.993403 9.9946E-05 9.9946E-05 9.9946E-05 0.000337203 9.9946E-05
9.9937E-05 9.9937E-05 9.9937E-05 0.927483 9.9937E-05 0.0718174 9.9937E-05 9.9937E-05 9.9937E-05
0.0138572 9.9964E-05 9.9964E-05 0.952296 9.9964E-05 0.0101281 9.9964E-05 0.00895464 0.014364
9.9946E-05 9.9946E-05 9.9946E-05 0.978034 9.9946E-05 0.0168862 9.9946E-05 9.9946E-05 0.00447991
9.993E-05 9.993E-05 9.993E-05 0.999201 9.993E-05 9.993E-05 9.993E-05 9.993E-05 9.993E-05
9.9955E-05 0.000180685 9.9955E-05 0.0220554 9.9955E-05 0.0768289 9.9955E-05 9.9955E-05 0.900435
9.9955E-05 9.9955E-05 9.9955E-05 0.0195936 0.00251421 0.0627404 9.9955E-05 9.9955E-05 0.914652
9.9946E-05 9.9946E-05 9.9946E-05 0.00702643 9.9946E-05 0.0995907 9.9946E-05 9.9946E-05 0.892783
9.9937E-05 0.991918 9.9937E-05 9.9937E-05 9.9937E-05 0.00738256 9.9937E-05 9.9937E-05 9.9937E-05
9.9973E-05 0.962455 0.004517 9.9973E-05 9.9973E-05 0.00617926 0.00118183 0.0161409 0.00922626
9.9964E-05 0.926418 9.9964E-05 9.9964E-05 0.0117154 0.0301889 9.9964E-05 0.0176737 0.0136039
9.9937E-05 9.9937E-05 9.9937E-05 9.9937E-05 9.9937E-05 9.9937E-05 9.9937E-05 0.0231207 0.97618
9.9937E-05 9.9937E-05 9.9937E-05 9.9937E-05 9.9937E-05 9.9937E-05 9.9937E-05 0.018288 0.981012
0.00334117 0.0145338 9.9964E-05 9.9964E-05 0.00315306 9.9964E-05 9.9964E-05 0.0792418 0.89933
9.999E-05 0.0042626 0.000319853 0.0149842 0.00124366 0.014622 0.0113681 0.873117 0.0799826
0.00809649 9.9973E-05 9.9973E-05 0.026233 9.9973E-05 0.00516479 0.00709316 0.914785 0.0383275
0.00323574 0.0182258 9.9973E-05 0.0154654 9.9973E-05 9.9973E-05 0.00221046 0.887675 0.072888
9.9937E-05 9.9937E-05 0.979309 9.9937E-05 9.9937E-05 9.9937E-05 9.9937E-05 9.9937E-05 0.0199917
9.9955E-05 9.9955E-05 0.990182 0.00563286 0.00343531 9.9955E-05 9.9955E-05 0.000250528 9.9955E-05
9.993E-05 9.993E-05 0.999201 9.993E-05 9.993E-05 9.993E-05 9.993E-05 9.993E-05 9.993E-05
0.00552773 0.00227518 0.000681041 9.9964E-05 0.00597852 9.9964E-05 9.9964E-05 9.9964E-05 0.985138
0.029444 0.0699152 0.00619916 0.0332761 0.0379462 0.000554217 0.000862439 0.0669515 0.754851
0.000810348 0.0195795 0.00725276 0.00263835 0.00545258 0.0111461 9.9982E-05 9.9982E-05 0.95292
0.0109097 0.0027817 0.00682082 0.0143875 9.9991E-05 0.00045591 0.00333361 0.954065 0.00714562
0.00178266 9.9946E-05 9.9946E-05 9.9946E-05 9.9946E-05 0.00912997 9.9946E-05 0.988488 9.9946E-05
9.993E-05 9.993E-05 9.993E-05 9.993E-05 9.993E-05 9.993E-05 9.993E-05 0.999201 9.993E-05
0.00443059 0.94373 0.00593132 0.00830564 0.00430404 0.00735162 0.000975725 0.00809993 0.0168708
9.9982E-05 0.898743 0.00354215 9.9982E-05 0.00118155 0.0391901 0.00790501 0.0101352 0.0391032
0.00323324 0.985432 9.9964E-05 9.9964E-05 0.00494465 0.00564094 9.9964E-05 0.000349314 9.9964E-05
9.9955E-05 0.0253014 0.00340125 9.9955E-05 9.9955E-05 0.0728293 9.9955E-05 9.9955E-05 0.897968
0.00174026 0.0327531 0.00966213 0.00759434 0.00368853 0.0654525 9.9982E-05 9.9982E-05 0.878909
9.9964E-05 9.9964E-05 0.00175341 0.0370879 9.9964E-05 0.103731 0.00684954 9.9964E-05 0.850179
9.9955E-05 0.00519356 9.9955E-05 9.9955E-05 9.9955E-05 0.00116861 9.9955E-05 0.991909 0.00122873
9.9937E-05 9.9937E-05 9.9937E-05 9.9937E-05 9.9937E-05 9.9937E-05 9.9937E-05 0.992078 0.00722281
9.993E-05 9.993E-05 9.993E-05 9.993E-05 9.993E-05 9.993E-05 9.993E-05 0.999201 9.993E-05
0.0207164 0.0225689 0.0250302 9.9982E-05 9.9982E-05 0.027283 0.807781 0.0420776 0.0543434
9.9937E-05 9.9937E-05 9.9937E-05 9.9937E-05 0.994076 9.9937E-05 9.9937E-05 9.9937E-05 0.00522406
9.9937E-05 9.9937E-05 9.9937E-05 9.9937E-05 0.950225 9.9937E-05 0.0490758 9.9937E-05 9.9937E-05
9.993E-05 0.999201 9.993E-05 9.993E-05 9.993E-05 9.993E-05 9.993E-05 9.993E-05 9.993E-05
9.9955E-05 0.982716 9.9955E-05 9.9955E-05 9.9955E-05 0.00226543 0.00709832 0.00742056 9.9955E-05
9.993E-05 0.999201 9.993E-05 9.993E-05 9.993E-05 9.993E-05 9.993E-05 9.993E-05 9.993E-05
9.9937E-05 9.9937E-05 9.9937E-05 9.9937E-05 9.9937E-05 9.9937E-05 9.9937E-05 0.0179623 0.981338
9.9937E-05 9.9937E-05 9.9937E-05 9.9937E-05 9.9937E-05 9.9937E-05 9.9937E-05 0.0199814 0.979319
9.9946E-05 9.9946E-05 9.9946E-05 9.9946E-05 0.00131124 9.9946E-05 9.9946E-05 0.0247541 0.973335
0.00540754 0.00589534 9.9964E-05 9.9964E-05 9.9964E-05 9.9964E-05 0.0119004 0.0645576 0.911839
9.9937E-05 9.9937E-05 9.9937E-05 9.9937E-05 9.9937E-05 9.9937E-05 9.9937E-05 0.0189704 0.98033
0.00485748 9.9946E-05 9.9946E-05 9.9946E-05 9.9946E-05 9.9946E-05 9.9946E-05 0.0523955 0.942147
