9.9937E-05 9.9937E-05 9.9937E-05 9.9937E-05 0.00760041 9.9937E-05 9.9937E-05 9.9937E-05 0.9917
9.9946E-05 9.9946E-05 9.9946E-05 9.9946E-05 0.0142282 0.0186406 9.9946E-05 9.9946E-05 0.966531
9.9937E-05 9.9937E-05 9.9937E-05 9.9937E-05 0.00412574 9.9937E-05 9.9937E-05 9.9937E-05 0.995175
0.340623 0.507145 0.00464837 0.0245342 0.0240577 0.0498095 0.00578795 9.9991E-05 0.043295
0.375266 0.475687 9.9991E-05 0.0260906 0.0263002 0.0644197 0.00321293 0.00590079 0.0230225
0.316903 0.424908 0.0135612 0.054637 0.0428706 0.0519059 0.0163593 0.013006 0.0658492
9.9955E-05 9.9955E-05 0.00132886 9.9955E-05 0.0201217 0.0226876 9.9955E-05 9.9955E-05 0.955362
0.00227974 0.0394102 9.9955E-05 9.9955E-05 0.0195633 9.9955E-05 9.9955E-05 9.9955E-05 0.938247
9.9955E-05 0.0315698 0.000148639 0.0075893 9.9955E-05 9.9955E-05 9.9955E-05 9.9955E-05 0.960192
0.0319017 0.0140185 0.927997 0.00902453 9.9964E-05 0.0166586 9.9964E-05 9.9964E-05 9.9964E-05
9.9946E-05 9.9946E-05 0.981632 9.9946E-05 0.00663433 0.0111344 9.9946E-05 9.9946E-05 9.9946E-05
9.9937E-05 9.9937E-05 0.997203 9.9937E-05 0.00209764 9.9937E-05 9.9937E-05 9.9937E-05 9.9937E-05
0.422188 0.542524 9.9955E-05 9.9955E-05 9.9955E-05 9.9955E-05 0.00504977 9.9955E-05 0.0297385
0.512385 0.46556 9.9946E-05 9.9946E-05 9.9946E-05 0.0214555 9.9946E-05 9.9946E-05 9.9946E-05
0.283209 0.637712 0.0086196 0.00584735 0.0102289 0.0498833 0.000838059 0.003562 9.9991E-05
9.9946E-05 9.9946E-05 0.000415681 9.9946E-05 9.9946E-05 0.747074 9.9946E-05 9.9946E-05 0.251911
9.9946E-05 9.9946E-05 9.9946E-05 9.9946E-05 0.0110413 0.723084 9.9946E-05 9.9946E-05 0.265275
9.9946E-05 9.9946E-05 9.9946E-05 9.9946E-05 0.00430497 0.726605 9.9946E-05 9.9946E-05 0.26849
0.110055 0.889245 9.9937E-05 9.9937E-05 9.9937E-05 9.9937E-05 9.9937E-05 9.9937E-05 9.9937E-05
0.154012 0.845289 9.9937E-05 9.9937E-05 9.9937E-05 9.9937E-05 9.9937E-05 9.9937E-05 9.9937E-05
0.0660575 0.933243 9.9937E-05 9.9937E-05 9.9937E-05 9.9937E-05 9.9937E-05 9.9937E-05 9.9937E-05
9.9946E-05 0.017606 9.9946E-05 0.980329 9.9946E-05 9.9946E-05 9.9946E-05 0.00146504 9.9946E-05
9.993E-05 9.993E-05 9.993E-05 0.999201 9.993E-05 9.993E-05 9.993E-05 9.993E-05 9.993E-05
0.00445121 9.9964E-05 9.9964E-05 0.986021 0.0020759 0.00403015 9.9964E-05 9.9964E-05 0.00302184
0.00163928 0.0599928 0.815552 0.00984588 9.9982E-05 0.0195967 9.9982E-05 0.0862608 0.00691282
9.993E-05 9.993E-05 0.999201 9.993E-05 9.993E-05 9.993E-05 9.993E-05 9.993E-05 9.993E-05
9.993E-05 9.993E-05 0.999201 9.993E-05 9.993E-05 9.993E-05 9.993E-05 9.993E-05 9.993E-05
9.9946E-05 0.965039 9.9946E-05 9.9946E-05 9.9946E-05 0.0342186 9.9946E-05 0.000142418 9.9946E-05
9.9973E-05 0.932747 9.9973E-05 9.9973E-05 0.00514741 0.0499573 0.00867883 0.00071581 0.00245339
9.9937E-05 0.972087 9.9937E-05 9.9937E-05 9.9937E-05 0.0272137 9.9937E-05 9.9937E-05 9.9937E-05
9.9973E-05 0.318404 0.00514165 0.049063 0.0110423 0.594479 9.9973E-05 0.0215699 9.9973E-05
9.997E-05 0.326114 9.997E-05 0.045877 0.0122088 0.584351 0.00606399 0.0250846 9.997E-05
9.9982E-05 0.307819 0.0103391 0.0673909 0.0237729 0.572487 0.00327498 0.0147164 9.9982E-05
0.0108351 0.0146634 0.0167146 0.0152271 0.0222406 0.643186 0.00345276 9.9991E-05 0.273581
9.9937E-05 9.9937E-05 9.9937E-05 9.9937E-05 9.9937E-05 0.703435 9.9937E-05 9.9937E-05 0.295865
9.9937E-05 9.9937E-05 9.9937E-05 9.9937E-05 9.9937E-05 0.693148 9.9937E-05 9.9937E-05 0.306153
9.9973E-05 0.862005 9.9973E-05 0.012699 0.0015316 0.115956 0.00422754 0.00328073 9.9973E-05
9.9973E-05 0.853346 0.00189545 0.00497707 0.00152694 0.137673 0.000281486 9.9973E-05 9.9973E-05
9.9946E-05 0.889566 9.9946E-05 9.9946E-05 0.00655168 0.103283 9.9946E-05 9.9946E-05 9.9946E-05
0.771409 0.209738 9.9982E-05 0.00290843 0.0081803 9.9982E-05 0.000957694 0.0037487 0.00285832
0.797889 0.139448 9.9982E-05 0.0319694 0.00381087 0.00824197 9.9982E-05 0.0063446 0.0120964
0.774669 0.12768 9.9982E-05 0.0296315 0.00871841 0.041288 9.9982E-05 0.00902617 0.00878687
9.993E-05 9.993E-05 9.993E-05 9.993E-05 0.999201 9.993E-05 9.993E-05 9.993E-05 9.993E-05
9.993E-05 9.993E-05 9.993E-05 9.993E-05 0.999201 9.993E-05 9.993E-05 9.993E-05 9.993E-05
9.993E-05 9.993E-05 9.993E-05 9.993E-05 0.999201 9.993E-05 9.993E-05 9.993E-05 9.993E-05
9.9964E-05 9.9964E-05 0.00153728 0.0106268 0.966356 9.9964E-05 0.00562504 9.9964E-05 0.0154546
9.9946E-05 9.9946E-05 9.9946E-05 9.9946E-05 0.993288 9.9946E-05 9.9946E-05 0.00130441 0.00480744
9.9955E-05 0.00177558 9.9955E-05 0.00506837 0.955255 0.0374012 9.9955E-05 9.9955E-05 9.9955E-05
0.054741 0.00389038 9.9955E-05 0.00802832 9.9955E-05 0.932841 9.9955E-05 9.9955E-05 9.9955E-05
9.9937E-05 9.9937E-05 9.9937E-05 9.9937E-05 0.000471358 0.998829 9.9937E-05 9.9937E-05 9.9937E-05
0.000704527 9.9937E-05 9.9937E-05 9.9937E-05 9.9937E-05 0.998596 9.9937E-05 9.9937E-05 9.9937E-05
0.0222807 9.9955E-05 9.9955E-05 0.00335284 0.014508 0.959359 9.9955E-05 9.9955E-05 9.9955E-05
9.993E-05 9.993E-05 9.993E-05 9.993E-05 9.993E-05 0.999201 9.993E-05 9.993E-05 9.993E-05
9.993E-05 9.993E-05 9.993E-05 9.993E-05 9.993E-05 0.999201 9.993E-05 9.993E-05 9.993E-05
0.0674291 0.931871 9.9937E-05 9.9937E-05 9.9937E-05 9.9937E-05 9.9937E-05 9.9937E-05 9.9937E-05
0.0450902 0.95421 9.9937E-05 9.9937E-05 9.9937E-05 9.9937E-05 9.9937E-05 9.9937E-05 9.9937E-05
9.993E-05 0.999201 9.993E-05 9.993E-05 9.993E-05 9.993E-05 9.993E-05 9.993E-05 9.993E-05
9.9937E-05 9.9937E-05 9.9937E-05 0.00460986 9.9937E-05 9.9937E-05 9.9937E-05 9.9937E-05 0.994691
0.00613995 9.9964E-05 9.9964E-05 0.0159204 9.9964E-05 9.9964E-05 0.000101855 0.00370507 0.973733
0.00913254 0.0369567 0.00288719 0.0135837 9.9964E-05 9.9964E-05 9.9964E-05 9.9964E-05 0.93704
0.999201 9.993E-05 9.993E-05 9.993E-05 9.993E-05 9.993E-05 9.993E-05 9.993E-05 9.993E-05
0.999201 9.993E-05 9.993E-05 9.993E-05 9.993E-05 9.993E-05 9.993E-05 9.993E-05 9.993E-05
0.881352 0.0284329 9.9982E-05 0.0352274 0.0110705 0.0152899 0.012299 9.9982E-05 0.0161285
0.0743469 0.0313265 0.0115409 0.862839 0.00276714 0.0101371 0.00684278 9.9982E-05 9.9982E-05
0.07463 9.9964E-05 0.0101593 0.896118 9.9964E-05 0.0162771 0.0024153 9.9964E-05 9.9964E-05
0.103461 9.9973E-05 0.00380667 0.867549 0.0079834 0.0162784 9.9973E-05 9.9973E-05 0.000621888
9.9946E-05 9.9946E-05 9.9946E-05 0.0123418 9.9946E-05 9.9946E-05 0.961279 9.9946E-05 0.0257798
9.993E-05 9.993E-05 9.993E-05 9.993E-05 9.993E-05 9.993E-05 0.999201 9.993E-05 9.993E-05
9.993E-05 9.993E-05 9.993E-05 9.993E-05 9.993E-05 9.993E-05 0.999201 9.993E-05 9.993E-05
0.21771 0.780516 9.9946E-05 0.00117443 9.9946E-05 9.9946E-05 9.9946E-05 9.9946E-05 9.9946E-05
0.231414 0.553702 0.0350848 0.062116 0.0299811 9.998E-05 0.00945609 9.998E-05 0.0780453
0.203433 0.792396 9.9946E-05 9.9946E-05 9.9946E-05 9.9946E-05 0.00357124 9.9946E-05 9.9946E-05
9.9973E-05 9.9973E-05 0.00210455 0.96214 0.0115306 0.0187133 9.9973E-05 0.000198024 0.00501363
9.9937E-05 0.0166093 9.9937E-05 0.982691 9.9937E-05 9.9937E-05 9.9937E-05 9.9937E-05 9.9937E-05
9.993E-05 9.993E-05 9.993E-05 0.999201 9.993E-05 9.993E-05 9.993E-05 9.993E-05 9.993E-05
0.000697963 0.0258082 9.9991E-05 0.00839696 0.00548865 0.0017439 0.0171788 0.00299061 0.937595
9.996E-05 0.072524 9.996E-05 0.00174531 9.996E-05 9.996E-05 0.00706795 0.00499309 0.91327
0.00461553 9.9964E-05 9.9964E-05 0.00145083 9.9964E-05 9.9964E-05 0.00167157 0.00133068 0.990532
0.0137591 0.985541 9.9937E-05 9.9937E-05 9.9937E-05 9.9937E-05 9.9937E-05 9.9937E-05 9.9937E-05
0.0211598 0.952025 9.9964E-05 0.0115567 9.9964E-05 9.9964E-05 0.00421601 9.9964E-05 0.0106427
9.9937E-05 0.999098 9.9937E-05 9.9937E-05 9.9937E-05 9.9937E-05 9.9937E-05 9.9937E-05 0.000201997
9.9937E-05 0.0134089 9.9937E-05 0.985892 9.9937E-05 9.9937E-05 9.9937E-05 9.9937E-05 9.9937E-05
9.9937E-05 0.0205779 9.9937E-05 0.978723 9.9937E-05 9.9937E-05 9.9937E-05 9.9937E-05 9.9937E-05
9.993E-05 9.993E-05 9.993E-05 0.999201 9.993E-05 9.993E-05 9.993E-05 9.993E-05 9.993E-05
9.993E-05 9.993E-05 9.993E-05 9.993E-05 9.993E-05 9.993E-05 9.993E-05 0.999201 9.993E-05
9.9982E-05 0.00975576 0.925267 0.0227162 9.9982E-05 0.0276344 0.00313469 0.00287786 0.008414
0.00038869 0.00336354 0.985681 9.9964E-05 0.00235323 9.9964E-05 0.00781391 9.9964E-05 9.9964E-05
9.993E-05 9.993E-05 9.993E-05 9.993E-05 9.993E-05 9.993E-05 9.993E-05 9.993E-05 0.999201
0.00246438 0.00148479 9.9964E-05 0.00856364 9.9964E-05 9.9964E-05 9.9964E-05 0.0028605 0.984227
9.993E-05 9.993E-05 9.993E-05 9.993E-05 9.993E-05 9.993E-05 9.993E-05 9.993E-05 0.999201
0.999201 9.993E-05 9.993E-05 9.993E-05 9.993E-05 9.993E-05 9.993E-05 9.993E-05 9.993E-05
0.994818 9.9937E-05 9.9937E-05 9.9937E-05 9.9937E-05 9.9937E-05 9.9937E-05 9.9937E-05 0.00448261
0.840138 0.136803 9.9973E-05 0.00747688 9.9973E-05 0.00350386 0.00965274 0.00212488 9.9973E-05
0.854572 0.0646113 0.00877977 0.028723 0.00936197 9.999E-05 0.00976753 0.000582948 0.0235015
0.999201 9.993E-05 9.993E-05 9.993E-05 9.993E-05 9.993E-05 9.993E-05 9.993E-05 9.993E-05
0.987129 9.9964E-05 0.00177115 0.00950268 0.000239168 9.9964E-05 9.9964E-05 0.000957946 9.9964E-05
