9.9937E-05 9.9937E-05 9.9937E-05 9.9937E-05 9.9937E-05 0.0117021 9.9937E-05 9.9937E-05 0.987598
9.9946E-05 9.9946E-05 9.9946E-05 9.9946E-05 9.9946E-05 0.0135416 9.9946E-05 0.0462656 0.939593
9.9946E-05 9.9946E-05 9.9946E-05 9.9946E-05 9.9946E-05 0.00645587 9.9946E-05 0.00478014 0.988164
0.0228942 0.783431 0.00424801 0.00994266 0.0102022 0.0140713 0.0795049 0.0487925 0.026913
0.0143341 0.788704 0.00184497 0.00471994 0.00424414 0.024848 0.110249 0.0225906 0.0284655
0.0593692 0.663949 0.0229416 0.0177578 0.00120452 0.0373892 0.106417 0.0177333 0.0732387
9.9955E-05 9.9955E-05 0.000262715 9.9955E-05 9.9955E-05 0.0182341 9.9955E-05 0.0307308 0.950273
9.9955E-05 0.0373947 9.9955E-05 9.9955E-05 9.9955E-05 0.025174 9.9955E-05 0.00509513 0.931836
0.00888453 0.0105534 9.9955E-05 9.9955E-05 9.9955E-05 9.9955E-05 0.0257193 9.9955E-05 0.954343
0.00847207 0.0273922 0.935222 9.9964E-05 9.9964E-05 9.9964E-05 9.9964E-05 0.00782837 0.0206859
9.9955E-05 9.9955E-05 0.9832 0.0106943 9.9955E-05 0.0010621 0.00454371 9.9955E-05 9.9955E-05
9.993E-05 9.993E-05 0.999201 9.993E-05 9.993E-05 9.993E-05 9.993E-05 9.993E-05 9.993E-05
9.99752E-05 0.899054 9.99752E-05 0.00123011 0.00250093 9.99752E-05 0.0841446 0.0104558 0.00231441
9.9955E-05 0.919854 0.00203781 9.9955E-05 9.9955E-05 9.9955E-05 0.0318041 0.0458041 9.9955E-05
0.00258173 0.768775 9.9982E-05 0.00113311 0.000634923 0.00290278 0.160162 0.0636101 9.9982E-05
0.000127443 0.000410349 9.9964E-05 0.00332689 9.9964E-05 9.9964E-05 9.9964E-05 0.788215 0.20752
9.9964E-05 9.9964E-05 0.006611 0.00195073 9.9964E-05 0.00389787 9.9964E-05 0.769312 0.217829
9.9946E-05 9.9946E-05 9.9946E-05 9.9946E-05 9.9946E-05 0.000252887 9.9946E-05 0.762327 0.23682
9.9955E-05 0.926003 9.9955E-05 9.9955E-05 0.00991678 9.9955E-05 0.0440233 0.0195569 9.9955E-05
9.9964E-05 0.945847 0.00830141 0.0149238 9.9964E-05 9.9964E-05 0.0287394 9.9964E-05 0.00178895
9.9946E-05 0.939296 9.9946E-05 9.9946E-05 9.9946E-05 9.9946E-05 0.0572184 0.00288597 9.9946E-05
0.989577 9.9946E-05 9.9946E-05 9.9946E-05 0.00018346 9.9946E-05 0.00964032 9.9946E-05 9.9946E-05
0.999201 9.993E-05 9.993E-05 9.993E-05 9.993E-05 9.993E-05 9.993E-05 9.993E-05 9.993E-05
0.979041 9.9955E-05 9.9955E-05 9.9955E-05 9.9955E-05 0.00764521 9.9955E-05 0.00506847 0.00774592
0.00547815 0.0399527 0.810675 0.00658699 0.100171 0.00382972 0.0087562 9.9991E-05 0.0244507
9.993E-05 9.993E-05 0.999201 9.993E-05 9.993E-05 9.993E-05 9.993E-05 9.993E-05 9.993E-05
9.993E-05 9.993E-05 0.999201 9.993E-05 9.993E-05 9.993E-05 9.993E-05 9.993E-05 9.993E-05
9.9946E-05 0.668017 9.9946E-05 9.9946E-05 9.9946E-05 9.9946E-05 0.318067 0.0133168 9.9946E-05
9.996E-05 0.702662 0.00674105 9.996E-05 9.996E-05 0.0016184 0.246539 0.0420396 9.996E-05
9.9946E-05 0.693483 9.9946E-05 9.9946E-05 9.9946E-05 9.9946E-05 0.298588 0.00732964 9.9946E-05
9.993E-05 9.993E-05 9.993E-05 9.993E-05 9.993E-05 9.993E-05 0.999201 9.993E-05 9.993E-05
9.993E-05 9.993E-05 9.993E-05 9.993E-05 9.993E-05 9.993E-05 0.999201 9.993E-05 9.993E-05
9.99459E-05 9.99459E-05 9.99459E-05 9.99459E-05 9.99459E-05 0.00748108 0.934464 9.99459E-05 0.0574557
0.00900434 0.0477583 0.0212161 0.00876968 9.9982E-05 0.0166711 9.9982E-05 0.663584 0.232797
9.9937E-05 9.9937E-05 9.9937E-05 9.9937E-05 9.9937E-05 9.9937E-05 9.9937E-05 0.74173 0.257571
9.9937E-05 9.9937E-05 9.9937E-05 9.9937E-05 9.9937E-05 9.9937E-05 9.9937E-05 0.741355 0.257945
9.9982E-05 0.476969 0.00174002 0.00340914 0.000668219 0.00197839 0.511816 0.00322004 9.9982E-05
9.9955E-05 0.48303 0.0023394 0.000465463 9.9955E-05 9.9955E-05 0.513666 9.9955E-05 9.9955E-05
9.995E-05 0.508192 0.00182179 0.000838407 9.995E-05 9.995E-05 0.488648 9.995E-05 9.995E-05
0.011084 0.976934 9.9955E-05 9.9955E-05 9.9955E-05 0.00669943 9.9955E-05 9.9955E-05 0.00478285
0.0509733 0.924685 9.9973E-05 0.00820653 0.00752113 0.00224229 9.9973E-05 9.9973E-05 0.00607179
0.0699774 0.887419 0.0051588 0.00154206 0.000546249 0.0153372 9.9991E-05 0.00981862 0.0101007
9.993E-05 9.993E-05 9.993E-05 9.993E-05 9.993E-05 0.999201 9.993E-05 9.993E-05 9.993E-05
9.993E-05 9.993E-05 9.993E-05 9.993E-05 9.993E-05 0.999201 9.993E-05 9.993E-05 9.993E-05
9.993E-05 9.993E-05 9.993E-05 9.993E-05 9.993E-05 0.999201 9.993E-05 9.993E-05 9.993E-05
0.0126273 0.00533124 0.00328034 0.00159444 9.9973E-05 0.95018 0.0266869 9.9973E-05 9.9973E-05
9.9937E-05 9.9937E-05 9.9937E-05 9.9937E-05 9.9937E-05 0.990925 9.9937E-05 0.00837531 9.9937E-05
0.000384826 0.00321264 9.9973E-05 0.00479554 0.000976486 0.944321 9.9973E-05 0.0460098 9.9973E-05
0.0169445 0.0137045 9.9955E-05 9.9955E-05 9.9955E-05 9.9955E-05 0.11942 0.849431 9.9955E-05
9.9937E-05 9.9937E-05 9.9937E-05 9.9937E-05 9.9937E-05 0.00659184 9.9937E-05 0.992709 9.9937E-05
9.9937E-05 9.9937E-05 9.9937E-05 9.9937E-05 9.9937E-05 9.9937E-05 0.0798343 0.919466 9.9937E-05
0.0140357 0.00267673 9.9964E-05 9.9964E-05 9.9964E-05 0.0170094 0.00751329 0.958365 9.9964E-05
9.9946E-05 0.000964436 9.9946E-05 9.9946E-05 9.9946E-05 9.9946E-05 0.0170249 0.981411 9.9946E-05
9.993E-05 9.993E-05 9.993E-05 9.993E-05 9.993E-05 9.993E-05 9.993E-05 0.999201 9.993E-05
9.9946E-05 0.861928 9.9946E-05 9.9946E-05 9.9946E-05 9.9946E-05 0.115992 0.0214804 9.9946E-05
9.995E-05 0.877009 9.995E-05 9.995E-05 0.00399469 9.995E-05 0.105314 0.0131829 9.995E-05
9.9937E-05 0.834775 9.9937E-05 9.9937E-05 9.9937E-05 9.9937E-05 0.164525 9.9937E-05 9.9937E-05
9.9946E-05 9.9946E-05 0.000440427 9.9946E-05 9.9946E-05 9.9946E-05 0.00753602 9.9946E-05 0.991424
0.00613802 0.0133262 0.00161963 9.997E-05 0.000594828 9.997E-05 0.00481335 9.997E-05 0.973208
0.0119602 0.0176197 9.9964E-05 9.9964E-05 0.00446917 9.9964E-05 0.0320442 9.9964E-05 0.933507
0.0308162 0.968484 9.9937E-05 9.9937E-05 9.9937E-05 9.9937E-05 9.9937E-05 9.9937E-05 9.9937E-05
0.0079008 0.9914 9.9937E-05 9.9937E-05 9.9937E-05 9.9937E-05 9.9937E-05 9.9937E-05 9.9937E-05
0.0689764 0.899527 0.00713293 9.9964E-05 9.9964E-05 0.00950347 9.9964E-05 9.9964E-05 0.0144605
0.873553 0.068836 0.0105953 0.000349803 9.9973E-05 9.9973E-05 0.0414136 0.00495272 9.9973E-05
0.897568 0.0777013 0.00399472 9.9964E-05 0.00192192 9.9964E-05 9.9964E-05 0.0184139 9.9964E-05
0.880972 0.0743898 0.00489172 9.9982E-05 0.000802541 0.016576 9.9982E-05 0.0162279 0.00593994
0.00364309 9.9964E-05 9.9964E-05 0.974409 0.000508204 9.9964E-05 0.00223445 9.9964E-05 0.0188049
0.00501947 9.9946E-05 9.9946E-05 0.9898 9.9946E-05 9.9946E-05 9.9946E-05 0.00458078 9.9946E-05
9.993E-05 9.993E-05 9.993E-05 0.999201 9.993E-05 9.993E-05 9.993E-05 9.993E-05 9.993E-05
9.9973E-05 0.968546 9.9973E-05 0.00591335 0.00714333 0.00524042 0.00859287 9.9973E-05 0.00426375
0.0609467 0.721118 0.0391288 0.0170886 0.00200628 0.0169793 0.0221642 0.0629122 0.0576554
9.9982E-05 0.948463 0.00469538 0.00474047 0.00123663 0.00066955 0.0288508 9.9982E-05 0.0111441
0.966762 9.9982E-05 0.00371903 0.00174901 9.9982E-05 0.00538511 0.00265716 0.0138082 0.00571919
0.996325 9.9937E-05 9.9937E-05 9.9937E-05 9.9937E-05 9.9937E-05 0.00297522 9.9937E-05 9.9937E-05
0.999201 9.993E-05 9.993E-05 9.993E-05 9.993E-05 9.993E-05 9.993E-05 9.993E-05 9.993E-05
0.00950181 0.019928 0.00551344 0.0109041 0.00163477 0.000973604 0.00325363 0.00101939 0.947271
0.00895651 0.0289104 9.9973E-05 0.00413944 0.00853823 9.9973E-05 0.0479841 9.9973E-05 0.901171
0.00163159 9.9964E-05 9.9964E-05 0.00249294 0.00557154 9.9964E-05 0.0058542 9.9964E-05 0.98405
9.9964E-05 0.861242 9.9964E-05 9.9964E-05 0.00170205 9.9964E-05 0.120397 0.00584033 0.0104193
9.9964E-05 0.841775 0.00430501 9.9964E-05 9.9964E-05 0.00534422 0.118701 9.9964E-05 0.0294753
9.9964E-05 0.790926 0.00382661 9.9964E-05 0.00165083 9.9964E-05 0.181498 0.0216992 9.9964E-05
0.997503 9.9937E-05 9.9937E-05 9.9937E-05 9.9937E-05 9.9937E-05 9.9937E-05 9.9937E-05 0.00179783
0.992511 0.00262246 9.9955E-05 0.00218445 0.00218258 9.9955E-05 9.9955E-05 9.9955E-05 9.9955E-05
0.999201 9.993E-05 9.993E-05 9.993E-05 9.993E-05 9.993E-05 9.993E-05 9.993E-05 9.993E-05
9.993E-05 9.993E-05 9.993E-05 9.993E-05 0.999201 9.993E-05 9.993E-05 9.993E-05 9.993E-05
0.0148945 0.033379 0.921793 0.000902757 0.00212139 9.998E-05 9.998E-05 0.00132834 0.0253808
9.9937E-05 0.0120571 0.987243 9.9937E-05 9.9937E-05 9.9937E-05 9.9937E-05 9.9937E-05 9.9937E-05
9.996E-05 0.00168647 9.996E-05 0.00198803 0.00168598 9.996E-05 0.00252607 9.996E-05 0.991714
0.014288 9.9955E-05 0.00449124 9.9955E-05 0.000986135 9.9955E-05 9.9955E-05 9.9955E-05 0.979735
9.993E-05 9.993E-05 9.993E-05 9.993E-05 9.993E-05 9.993E-05 9.993E-05 9.993E-05 0.999201
0.0113896 0.987911 9.9937E-05 9.9937E-05 9.9937E-05 9.9937E-05 9.9937E-05 9.9937E-05 9.9937E-05
0.00924697 0.990053 9.9937E-05 9.9937E-05 9.9937E-05 9.9937E-05 9.9937E-05 9.9937E-05 9.9937E-05
0.0292696 0.958967 0.00284514 9.9964E-05 0.00619453 0.0023239 9.9964E-05 9.9964E-05 9.9964E-05
0.048773 0.92851 9.9973E-05 0.00406929 0.00643844 0.00820002 9.9973E-05 9.9973E-05 0.00370943
0.0109479 0.988353 9.9937E-05 9.9937E-05 9.9937E-05 9.9937E-05 9.9937E-05 9.9937E-05 9.9937E-05
0.0490166 0.945921 9.9946E-05 9.9946E-05 9.9946E-05 0.00446319 9.9946E-05 9.9946E-05 9.9946E-05
