9.9946E-05 9.9946E-05 0.0014136 9.9946E-05 0.00406556 9.9946E-05 0.993921 9.9946E-05 9.9946E-05
9.9946E-05 9.9946E-05 0.0377775 9.9946E-05 0.0140191 9.9946E-05 0.947604 9.9946E-05 9.9946E-05
9.9946E-05 9.9946E-05 0.0205009 9.9946E-05 0.0054537 9.9946E-05 0.973446 9.9946E-05 9.9946E-05
0.347823 0.0084583 0.0304037 0.0269299 0.0185796 0.00649625 0.0257405 0.0544578 0.481111
0.363131 0.0063315 0.00550183 0.0158824 0.0234051 0.00866518 0.0343319 0.087731 0.45502
0.303153 0.0227236 0.01887 0.0452204 0.0346513 0.0118031 0.0664957 0.0825127 0.41457
9.9955E-05 0.00113456 0.0332342 9.9955E-05 0.0176544 9.9955E-05 0.947477 9.9955E-05 9.9955E-05
0.00304679 9.9955E-05 9.9955E-05 9.9955E-05 0.0232307 9.9955E-05 0.92978 9.9955E-05 0.0434429
9.9955E-05 9.9955E-05 9.9955E-05 0.00967528 9.9955E-05 9.9955E-05 0.955444 0.0241145 0.0102665
0.0221313 0.927533 0.0171496 0.0127159 0.00333446 0.00480339 0.00735271 0.00487967 9.9991E-05
9.9937E-05 0.996472 9.9937E-05 9.9937E-05 9.9937E-05 9.9937E-05 0.00282877 9.9937E-05 9.9937E-05
9.993E-05 0.999201 9.993E-05 9.993E-05 9.993E-05 9.993E-05 9.993E-05 9.993E-05 9.993E-05
0.403721 9.9973E-05 0.0160487 9.9973E-05 9.9973E-05 0.000556536 0.0156456 0.00223938 0.561489
0.499146 9.9973E-05 0.0184772 9.9973E-05 0.0013716 0.00154504 9.9973E-05 0.00386165 0.475298
0.254809 0.00809447 0.0423872 0.0218597 0.00311545 0.00122756 9.9991E-05 0.0598803 0.608526
9.9946E-05 9.9946E-05 0.782213 9.9946E-05 9.9946E-05 0.00138359 0.215804 9.9946E-05 9.9946E-05
9.9982E-05 0.00239282 0.736515 0.00375213 0.0078634 0.00528368 0.241105 0.00288808 9.9982E-05
9.9937E-05 9.9937E-05 0.745791 9.9937E-05 9.9937E-05 9.9937E-05 0.253509 9.9937E-05 9.9937E-05
0.0819747 9.9937E-05 9.9937E-05 9.9937E-05 9.9937E-05 9.9937E-05 9.9937E-05 9.9937E-05 0.917326
0.152657 9.9937E-05 9.9937E-05 9.9937E-05 9.9937E-05 9.9937E-05 9.9937E-05 9.9937E-05 0.846644
0.0388963 9.9937E-05 9.9937E-05 9.9937E-05 9.9937E-05 9.9937E-05 9.9937E-05 9.9937E-05 0.960404
9.9946E-05 9.9946E-05 9.9946E-05 0.976986 9.9946E-05 9.9946E-05 9.9946E-05 0.00302979 0.0193847
9.993E-05 9.993E-05 9.993E-05 0.999201 9.993E-05 9.993E-05 9.993E-05 9.993E-05 9.993E-05
9.9964E-05 9.9964E-05 0.0107612 0.981777 0.00111557 9.9964E-05 0.00573147 0.000214584 9.9964E-05
0.0146427 0.898542 9.9973E-05 0.0165871 0.0235636 9.9973E-05 0.0195199 9.9973E-05 0.0268445
9.993E-05 0.999201 9.993E-05 9.993E-05 9.993E-05 9.993E-05 9.993E-05 9.993E-05 9.993E-05
9.993E-05 0.999201 9.993E-05 9.993E-05 9.993E-05 9.993E-05 9.993E-05 9.993E-05 9.993E-05
9.9955E-05 9.9955E-05 0.0373934 9.9955E-05 9.9955E-05 9.9955E-05 0.00415255 0.0317565 0.926198
9.9973E-05 0.00170096 0.0638812 9.9973E-05 0.00239247 0.00320575 9.9973E-05 0.0329808 0.895539
9.9946E-05 9.9946E-05 0.0244902 9.9946E-05 9.9946E-05 9.9946E-05 9.9946E-05 0.0435643 0.931346
9.993E-05 9.993E-05 9.993E-05 9.993E-05 9.993E-05 9.993E-05 9.993E-05 0.999201 9.993E-05
9.993E-05 9.993E-05 9.993E-05 9.993E-05 9.993E-05 9.993E-05 9.993E-05 0.999201 9.993E-05
9.9973E-05 0.000967904 9.9973E-05 0.0186445 0.010473 0.00354217 0.0281432 0.937929 9.9973E-05
0.0118828 0.0125601 0.634373 0.0140357 0.0274992 0.00950833 0.259242 9.9991E-05 0.0307982
9.9937E-05 9.9937E-05 0.723645 9.9937E-05 9.9937E-05 9.9937E-05 0.275656 9.9937E-05 9.9937E-05
9.9946E-05 9.9946E-05 0.742958 9.9946E-05 0.00195665 9.9946E-05 0.254486 9.9946E-05 9.9946E-05
9.998E-05 0.0036202 0.0491392 0.0135927 0.00880647 9.998E-05 0.000589122 0.167579 0.756474
9.9946E-05 9.9946E-05 0.0597863 9.9946E-05 9.9946E-05 9.9946E-05 9.9946E-05 0.172235 0.767379
9.9964E-05 0.00233678 0.038407 9.9964E-05 9.9964E-05 0.0013065 9.9964E-05 0.167368 0.790182
0.734723 0.000982386 9.9964E-05 0.00659788 9.9964E-05 9.9964E-05 9.9964E-05 0.0200388 0.237258
0.765194 0.0115539 9.9982E-05 0.0491296 9.9982E-05 0.00969649 0.0177552 0.00429787 0.142173
0.778733 0.00226643 0.0169897 0.0333985 0.0179319 9.9991E-05 0.00328021 0.0249733 0.122327
9.993E-05 9.993E-05 9.993E-05 9.993E-05 0.999201 9.993E-05 9.993E-05 9.993E-05 9.993E-05
9.993E-05 9.993E-05 9.993E-05 9.993E-05 0.999201 9.993E-05 9.993E-05 9.993E-05 9.993E-05
9.9946E-05 9.9946E-05 9.9946E-05 9.9946E-05 0.998032 0.000193304 9.9946E-05 9.9946E-05 0.00117531
0.00703225 0.00641045 9.9973E-05 0.00512453 0.964912 9.9973E-05 0.0118242 0.00439656 9.9973E-05
9.9946E-05 0.00242907 0.0040298 9.9946E-05 0.992941 9.9946E-05 9.9946E-05 9.9946E-05 9.9946E-05
9.9946E-05 9.9946E-05 0.0509326 0.0039707 0.944497 9.9946E-05 9.9946E-05 9.9946E-05 9.9946E-05
0.0352554 0.0049808 0.844696 0.00675376 9.9964E-05 9.9964E-05 9.9964E-05 0.107914 9.9964E-05
9.9937E-05 9.9937E-05 0.99303 9.9937E-05 0.00627006 9.9937E-05 9.9937E-05 9.9937E-05 9.9937E-05
9.9937E-05 9.9937E-05 0.946427 9.9937E-05 9.9937E-05 9.9937E-05 9.9937E-05 0.0528734 9.9937E-05
0.023684 9.9955E-05 0.950598 0.00800471 0.0172136 9.9955E-05 9.9955E-05 9.9955E-05 9.9955E-05
0.00404089 9.9937E-05 0.99526 9.9937E-05 9.9937E-05 9.9937E-05 9.9937E-05 9.9937E-05 9.9937E-05
9.9937E-05 9.9937E-05 0.996907 9.9937E-05 0.00239366 9.9937E-05 9.9937E-05 9.9937E-05 9.9937E-05
0.0333545 9.9946E-05 9.9946E-05 0.00186021 9.9946E-05 9.9946E-05 9.9946E-05 9.9946E-05 0.964186
0.0374063 9.9937E-05 9.9937E-05 9.9937E-05 9.9937E-05 9.9937E-05 9.9937E-05 9.9937E-05 0.961894
9.993E-05 9.993E-05 9.993E-05 9.993E-05 9.993E-05 9.993E-05 9.993E-05 9.993E-05 0.999201
9.993E-05 9.993E-05 9.993E-05 9.993E-05 9.993E-05 9.993E-05 0.999201 9.993E-05 9.993E-05
0.00382896 9.9964E-05 9.9964E-05 0.0141299 9.9964E-05 9.9964E-05 0.97122 0.000219376 0.010202
9.9964E-05 0.00525257 9.9964E-05 0.0102474 9.9964E-05 9.9964E-05 0.923125 0.0298322 0.0311435
0.999201 9.993E-05 9.993E-05 9.993E-05 9.993E-05 9.993E-05 9.993E-05 9.993E-05 9.993E-05
0.999201 9.993E-05 9.993E-05 9.993E-05 9.993E-05 9.993E-05 9.993E-05 9.993E-05 9.993E-05
0.900738 0.00477792 0.0022041 0.042943 0.0126383 0.0102772 0.0195145 0.00680684 9.9991E-05
0.0669678 0.00398786 0.0120168 0.868487 9.9982E-05 0.00178553 9.9982E-05 0.0137189 0.032836
0.084357 0.00855006 0.0122273 0.888181 0.0037051 9.9973E-05 0.00267945 9.9973E-05 9.9973E-05
0.118946 0.0072315 0.00911364 0.856911 0.00158855 9.9973E-05 0.00590949 9.9973E-05 9.9973E-05
0.0135079 0.00865846 9.9964E-05 9.9964E-05 0.00379856 0.973451 9.9964E-05 0.000184078 9.9964E-05
9.9937E-05 9.9937E-05 9.9937E-05 9.9937E-05 0.000380915 0.99892 9.9937E-05 9.9937E-05 9.9937E-05
9.993E-05 9.993E-05 9.993E-05 9.993E-05 9.993E-05 0.999201 9.993E-05 9.993E-05 9.993E-05
0.193572 9.9946E-05 9.9946E-05 0.00218262 9.9946E-05 9.9946E-05 9.9946E-05 9.9946E-05 0.803645
0.18448 0.0250779 9.9982E-05 0.0876581 0.0320658 0.0135303 0.0876979 9.9982E-05 0.56929
0.169586 9.9946E-05 9.9946E-05 9.9946E-05 9.9946E-05 0.00783854 9.9946E-05 9.9946E-05 0.821976
0.0143422 9.9973E-05 0.0128011 0.945922 0.0106252 9.9973E-05 0.00637089 9.9973E-05 0.00963921
9.9955E-05 9.9955E-05 9.9955E-05 0.979742 9.9955E-05 9.9955E-05 0.000426403 0.00500871 0.0143233
9.993E-05 9.993E-05 9.993E-05 0.999201 9.993E-05 9.993E-05 9.993E-05 9.993E-05 9.993E-05
0.00776886 0.00161094 0.00213144 0.0160422 0.000926406 0.00105218 0.941081 0.00619714 0.02319
9.9964E-05 0.00334624 9.9964E-05 0.00882099 9.9964E-05 9.9964E-05 0.905808 0.0308283 0.0507968
0.00304161 9.9955E-05 9.9955E-05 0.00421201 9.9955E-05 0.00263732 0.989609 9.9955E-05 9.9955E-05
0.0122978 9.9946E-05 9.9946E-05 9.9946E-05 0.00139707 9.9946E-05 9.9946E-05 9.9946E-05 0.985705
0.00958747 0.00305475 9.9973E-05 0.00595839 0.000426846 9.9973E-05 0.0120859 9.9973E-05 0.968587
9.9964E-05 0.00171982 0.0105766 9.9964E-05 0.000381858 9.9964E-05 0.00752085 9.9964E-05 0.979401
0.00423704 9.9946E-05 9.9946E-05 0.991523 9.9946E-05 9.9946E-05 0.00364002 9.9946E-05 9.9946E-05
9.9937E-05 9.9937E-05 9.9937E-05 0.977718 9.9937E-05 9.9937E-05 9.9937E-05 9.9937E-05 0.0215828
9.993E-05 9.993E-05 9.993E-05 0.999201 9.993E-05 9.993E-05 9.993E-05 9.993E-05 9.993E-05
0.00314876 0.809085 0.023232 0.0256732 0.0093083 0.0213404 0.0304146 0.00333931 0.0744581
0.0259021 0.94032 0.0144321 9.9964E-05 9.9964E-05 0.00217374 0.0167719 9.9964E-05 9.9964E-05
9.9937E-05 0.988619 9.9937E-05 0.0106811 9.9937E-05 9.9937E-05 9.9937E-05 9.9937E-05 9.9937E-05
9.993E-05 9.993E-05 9.993E-05 9.993E-05 9.993E-05 9.993E-05 0.999201 9.993E-05 9.993E-05
0.00654817 9.9946E-05 9.9946E-05 9.9946E-05 9.9946E-05 0.00353544 0.989317 9.9946E-05 9.9946E-05
9.993E-05 9.993E-05 9.993E-05 9.993E-05 9.993E-05 9.993E-05 0.999201 9.993E-05 9.993E-05
0.999201 9.993E-05 9.993E-05 9.993E-05 9.993E-05 9.993E-05 9.993E-05 9.993E-05 9.993E-05
0.996846 9.9937E-05 9.9937E-05 9.9937E-05 9.9937E-05 9.9937E-05 0.00245492 9.9937E-05 9.9937E-05
0.843718 0.00152195 0.00610406 0.00092793 9.9982E-05 0.00864361 9.9982E-05 0.00159825 0.137286
0.879484 0.00531607 9.9991E-05 0.0275484 0.00891898 0.00481615 0.0300731 0.00277869 0.0409651
0.999201 9.993E-05 9.993E-05 9.993E-05 9.993E-05 9.993E-05 9.993E-05 9.993E-05 9.993E-05
0.989469 0.00355314 9.9955E-05 0.00269304 0.00378504 9.9955E-05 9.9955E-05 9.9955E-05 9.9955E-05
