9.9937E-05 9.9937E-05 0.00455603 9.9937E-05 9.9937E-05 9.9937E-05 9.9937E-05 0.994744 9.9937E-05
9.9946E-05 9.9946E-05 0.0201838 0.0262548 9.9946E-05 9.9946E-05 9.9946E-05 0.952962 9.9946E-05
9.9946E-05 9.9946E-05 0.0112351 0.0199884 9.9946E-05 9.9946E-05 9.9946E-05 0.968177 9.9946E-05
0.00438291 0.0115181 0.0189181 0.0295897 0.0164249 0.508482 0.336688 0.0306264 0.0433701
0.00734494 9.9991E-05 0.0239344 0.017174 0.0150415 0.495639 0.341092 0.0284825 0.0711923
0.0127602 0.0261879 0.0426458 0.0109815 0.0446752 0.385826 0.316245 0.0806593 0.0800192
9.9946E-05 9.9946E-05 0.0225174 0.0332038 9.9946E-05 9.9946E-05 9.9946E-05 0.943679 9.9946E-05
0.00618439 9.9964E-05 0.0199873 0.000267043 9.9964E-05 0.0470091 9.9964E-05 0.926152 9.9964E-05
9.9955E-05 9.9955E-05 9.9955E-05 9.9955E-05 0.00454711 0.0198705 9.9955E-05 0.949217 0.0258653
9.9973E-05 0.933882 9.9973E-05 0.0150967 0.0228086 9.9973E-05 0.00687761 0.0208273 0.000207668
9.9937E-05 0.993057 0.00624381 9.9937E-05 9.9937E-05 9.9937E-05 9.9937E-05 9.9937E-05 9.9937E-05
9.993E-05 0.999201 9.993E-05 9.993E-05 9.993E-05 9.993E-05 9.993E-05 9.993E-05 9.993E-05
0.00306838 9.9973E-05 9.9973E-05 0.000718712 9.9973E-05 0.549574 0.422574 0.0092801 0.0144843
9.9955E-05 9.9955E-05 9.9955E-05 0.0213796 9.9955E-05 0.470376 0.504762 9.9955E-05 0.00298269
0.00473001 0.00764136 0.00514044 0.0435213 0.0149914 0.595258 0.267697 0.000389544 0.0606318
0.00362258 0.00377077 9.9955E-05 0.787998 9.9955E-05 9.9955E-05 9.9955E-05 0.204109 9.9955E-05
0.00297051 0.000285663 0.00603378 0.757573 9.9964E-05 9.9964E-05 9.9964E-05 0.232738 9.9964E-05
9.9946E-05 9.9946E-05 0.00585368 0.767432 9.9946E-05 9.9946E-05 9.9946E-05 0.226114 9.9946E-05
9.9937E-05 9.9937E-05 9.9937E-05 9.9937E-05 9.9937E-05 0.921107 0.0781931 9.9937E-05 9.9937E-05
9.9946E-05 9.9946E-05 9.9946E-05 9.9946E-05 0.00677928 0.852474 0.140147 9.9946E-05 9.9946E-05
9.9937E-05 9.9937E-05 9.9937E-05 9.9937E-05 9.9937E-05 0.947257 0.0520434 9.9937E-05 9.9937E-05
9.9937E-05 9.9937E-05 9.9937E-05 9.9937E-05 0.994308 9.9937E-05 9.9937E-05 9.9937E-05 0.00499293
9.993E-05 9.993E-05 9.993E-05 9.993E-05 0.999201 9.993E-05 9.993E-05 9.993E-05 9.993E-05
9.9946E-05 9.9946E-05 9.9946E-05 0.0097889 0.985987 9.9946E-05 9.9946E-05 0.00362483 9.9946E-05
9.999E-05 0.914374 0.00760474 0.0159586 0.0110491 0.0225053 0.0124274 0.00699732 0.00898365
9.993E-05 0.999201 9.993E-05 9.993E-05 9.993E-05 9.993E-05 9.993E-05 9.993E-05 9.993E-05
9.993E-05 0.999201 9.993E-05 9.993E-05 9.993E-05 9.993E-05 9.993E-05 9.993E-05 9.993E-05
9.9955E-05 9.9955E-05 9.9955E-05 0.0263798 9.9955E-05 0.935044 9.9955E-05 0.0108063 0.0272703
0.00408253 0.00358095 0.00643019 0.0544073 9.9973E-05 0.895547 9.9973E-05 9.9973E-05 0.035652
9.9946E-05 9.9946E-05 9.9946E-05 0.0151513 9.9946E-05 0.955914 9.9946E-05 9.9946E-05 0.0283346
9.993E-05 9.993E-05 9.993E-05 9.993E-05 9.993E-05 9.993E-05 9.993E-05 9.993E-05 0.999201
9.993E-05 9.993E-05 9.993E-05 9.993E-05 9.993E-05 9.993E-05 9.993E-05 9.993E-05 0.999201
0.00250097 0.00910569 0.0126227 9.9982E-05 0.0149521 9.9982E-05 0.00735972 0.032725 0.920534
0.0140512 0.0194745 0.0308912 0.657708 0.0140243 0.0272271 0.00564844 0.230875 9.9991E-05
9.9937E-05 9.9937E-05 9.9937E-05 0.739098 9.9937E-05 9.9937E-05 9.9937E-05 0.260203 9.9937E-05
9.9946E-05 9.9946E-05 0.000604637 0.734626 9.9946E-05 9.9946E-05 9.9946E-05 0.26417 9.9946E-05
0.00676173 0.000387076 0.0107578 0.0398759 0.0048715 0.752399 9.9982E-05 9.9982E-05 0.184747
0.00427562 9.9964E-05 0.000774285 0.0666706 9.9964E-05 0.755685 9.9964E-05 9.9964E-05 0.172195
9.9964E-05 0.00331683 0.000765782 0.0343567 9.9964E-05 0.781601 9.9964E-05 9.9964E-05 0.17956
9.9964E-05 9.9964E-05 0.00406469 9.9964E-05 9.9964E-05 0.213475 0.757917 0.00152401 0.0226191
0.00634212 0.00391223 0.00369334 0.00741819 0.0428455 0.106375 0.806599 0.0196957 0.0031192
0.000735531 0.00650709 0.0177926 0.0159312 0.0316074 0.102148 0.795401 9.9991E-05 0.0297767
9.993E-05 9.993E-05 0.999201 9.993E-05 9.993E-05 9.993E-05 9.993E-05 9.993E-05 9.993E-05
9.993E-05 9.993E-05 0.999201 9.993E-05 9.993E-05 9.993E-05 9.993E-05 9.993E-05 9.993E-05
9.9937E-05 9.9937E-05 0.998922 0.000378108 9.9937E-05 9.9937E-05 9.9937E-05 9.9937E-05 9.9937E-05
0.00484686 0.00531508 0.954344 9.9991E-05 0.00678933 0.00382096 0.0100793 0.00631383 0.00839026
9.9937E-05 9.9937E-05 0.997807 0.00149332 9.9937E-05 9.9937E-05 9.9937E-05 9.9937E-05 9.9937E-05
9.9955E-05 9.9955E-05 0.948103 0.0450744 0.00221551 9.9955E-05 0.00410745 9.9955E-05 9.9955E-05
9.9964E-05 9.9964E-05 9.9964E-05 0.85154 0.00421745 0.00294547 0.0477315 9.9964E-05 0.0931654
9.9946E-05 9.9946E-05 0.0114479 0.985354 9.9946E-05 9.9946E-05 9.9946E-05 9.9946E-05 0.00259804
9.9937E-05 9.9937E-05 9.9937E-05 0.942928 9.9937E-05 9.9937E-05 9.9937E-05 9.9937E-05 0.0563722
9.9964E-05 9.9964E-05 0.0118514 0.947712 0.0190015 9.9964E-05 0.0144734 9.9964E-05 0.00656164
9.9946E-05 9.9946E-05 9.9946E-05 0.977366 9.9946E-05 9.9946E-05 0.00446738 9.9946E-05 0.0175666
9.993E-05 9.993E-05 9.993E-05 0.999201 9.993E-05 9.993E-05 9.993E-05 9.993E-05 9.993E-05
9.9946E-05 9.9946E-05 9.9946E-05 9.9946E-05 0.00406197 0.943015 0.0523238 9.9946E-05 9.9946E-05
9.9937E-05 9.9937E-05 9.9937E-05 9.9937E-05 9.9937E-05 0.97964 0.0196604 9.9937E-05 9.9937E-05
9.993E-05 9.993E-05 9.993E-05 9.993E-05 9.993E-05 0.999201 9.993E-05 9.993E-05 9.993E-05
9.993E-05 9.993E-05 9.993E-05 9.993E-05 9.993E-05 9.993E-05 9.993E-05 0.999201 9.993E-05
9.9955E-05 9.9955E-05 9.9955E-05 9.9955E-05 0.00261621 9.9955E-05 0.0136583 0.977029 0.00619688
9.9973E-05 0.00164753 9.9973E-05 9.9973E-05 0.012496 0.0252931 0.00113159 0.93084 0.0282915
9.993E-05 9.993E-05 9.993E-05 9.993E-05 9.993E-05 9.993E-05 0.999201 9.993E-05 9.993E-05
9.993E-05 9.993E-05 9.993E-05 9.993E-05 9.993E-05 9.993E-05 0.999201 9.993E-05 9.993E-05
0.00651857 9.9982E-05 0.0131838 0.00370654 0.048858 0.0260624 0.884294 0.0171766 9.9982E-05
9.9973E-05 0.00349952 9.9973E-05 9.9973E-05 0.863851 0.0260424 0.076816 0.0111701 0.0183209
9.9964E-05 0.00216674 0.00264621 0.0266415 0.889142 9.9964E-05 0.0790041 9.9964E-05 9.9964E-05
9.9964E-05 0.00227255 0.00311483 0.0143393 0.875641 9.9964E-05 0.104232 9.9964E-05 9.9964E-05
0.977614 0.000953544 9.9955E-05 9.9955E-05 0.0127066 9.9955E-05 0.00822641 9.9955E-05 9.9955E-05
0.998511 9.9937E-05 9.9937E-05 9.9937E-05 9.9937E-05 9.9937E-05 9.9937E-05 0.00078943 9.9937E-05
0.999201 9.993E-05 9.993E-05 9.993E-05 9.993E-05 9.993E-05 9.993E-05 9.993E-05 9.993E-05
9.9946E-05 9.9946E-05 9.9946E-05 9.9946E-05 0.00314353 0.799543 0.196713 9.9946E-05 9.9946E-05
0.00461215 0.0397103 0.0267279 9.9982E-05 0.0928573 0.586126 0.171385 0.0783809 9.9982E-05
0.005779 9.9946E-05 9.9946E-05 9.9946E-05 9.9946E-05 0.813784 0.179837 9.9946E-05 9.9946E-05
0.0031899 0.00260958 0.00984907 0.0128696 0.961578 9.9982E-05 9.9982E-05 0.00223399 0.00746977
9.9946E-05 9.9946E-05 9.9946E-05 9.9946E-05 0.982848 0.0152053 9.9946E-05 0.00134656 9.9946E-05
9.993E-05 9.993E-05 9.993E-05 9.993E-05 0.999201 9.993E-05 9.993E-05 9.993E-05 9.993E-05
0.00136366 0.0103969 0.0073139 9.9991E-05 0.0100809 0.0217154 0.00760682 0.930083 0.0113391
9.9964E-05 0.00556288 9.9964E-05 9.9964E-05 0.00819776 0.0577157 9.9964E-05 0.89881 0.0293135
0.00519757 0.0037974 9.9973E-05 9.9973E-05 0.00262051 0.00653909 9.9973E-05 0.979221 0.00232441
9.9937E-05 9.9937E-05 0.00146379 9.9937E-05 9.9937E-05 0.997837 9.9937E-05 9.9937E-05 9.9937E-05
9.9955E-05 9.9955E-05 9.9955E-05 9.9955E-05 0.0201637 0.95548 0.0165137 0.00734302 9.9955E-05
9.9946E-05 0.0038396 9.9946E-05 0.0163437 9.9946E-05 0.979217 9.9946E-05 9.9946E-05 9.9946E-05
0.000413596 9.9946E-05 9.9946E-05 9.9946E-05 0.993421 0.00556622 9.9946E-05 9.9946E-05 9.9946E-05
9.9937E-05 9.9937E-05 9.9937E-05 9.9937E-05 0.980334 0.0189669 9.9937E-05 9.9937E-05 9.9937E-05
9.993E-05 9.993E-05 9.993E-05 9.993E-05 0.999201 9.993E-05 9.993E-05 9.993E-05 9.993E-05
0.00558549 0.805928 0.0273289 0.0361032 0.0443718 0.0577831 0.00240381 0.0203959 9.9991E-05
0.0112758 0.930486 0.00964713 0.0139059 0.00221563 0.00337103 0.0174526 9.9991E-05 0.0115457
9.99371E-05 0.996271 9.99371E-05 9.99371E-05 9.99371E-05 0.00302965 9.99371E-05 9.99371E-05 9.99371E-05
9.9946E-05 9.9946E-05 9.9946E-05 9.9946E-05 9.9946E-05 0.00478224 9.9946E-05 0.986784 0.00783416
0.00408822 9.9964E-05 9.9964E-05 9.9964E-05 0.000605122 9.9964E-05 0.0140153 0.977466 0.00342578
9.993E-05 9.993E-05 9.993E-05 9.993E-05 9.993E-05 9.993E-05 9.993E-05 0.999201 9.993E-05
9.993E-05 9.993E-05 9.993E-05 9.993E-05 9.993E-05 9.993E-05 0.999201 9.993E-05 9.993E-05
9.993E-05 9.993E-05 9.993E-05 9.993E-05 9.993E-05 9.993E-05 0.999201 9.993E-05 9.993E-05
9.9982E-05 0.0091969 0.00263864 0.0055747 0.000424471 0.128684 0.837161 9.9982E-05 0.0161202
0.00381967 0.0179271 0.002691 9.9982E-05 0.0455583 0.0650022 0.851892 0.0129099 9.9982E-05
9.993E-05 9.993E-05 9.993E-05 9.993E-05 9.993E-05 9.993E-05 0.999201 9.993E-05 9.993E-05
9.9946E-05 9.9946E-05 0.00602315 9.9946E-05 0.000637899 9.9946E-05 0.992739 9.9946E-05 9.9946E-05
