9.9937E-05 9.9937E-05 9.9937E-05 9.9937E-05 9.9937E-05 9.9937E-05 0.00471422 0.994586 9.9937E-05
9.9946E-05 9.9946E-05 0.0237205 9.9946E-05 9.9946E-05 9.9946E-05 0.0190449 0.956635 9.9946E-05
9.9937E-05 9.9937E-05 9.9937E-05 9.9937E-05 9.9937E-05 9.9937E-05 0.00855003 0.99075 9.9937E-05
0.0135454 9.9991E-05 0.0573493 0.00359941 0.343273 0.520931 0.019371 0.0193261 0.0225043
9.999E-05 0.00497468 0.0512221 0.00884356 0.343839 0.527736 0.0227469 0.0170962 0.0234414
0.00306314 0.0222417 0.0490715 0.0118441 0.294183 0.455056 0.0403083 0.0679772 0.0562553
9.9946E-05 9.9946E-05 0.0234985 9.9946E-05 9.9946E-05 9.9946E-05 0.0198346 0.956067 9.9946E-05
9.9955E-05 9.9955E-05 9.9955E-05 9.9955E-05 0.00461999 0.041424 0.0182295 0.935227 9.9955E-05
9.9946E-05 9.9946E-05 9.9946E-05 9.9946E-05 9.9946E-05 0.0225276 9.9946E-05 0.969454 0.00741849
9.9964E-05 0.956689 0.0101762 9.9964E-05 0.00799706 0.0113367 9.9964E-05 0.0134008 9.9964E-05
9.993E-05 0.999201 9.993E-05 9.993E-05 9.993E-05 9.993E-05 9.993E-05 9.993E-05 9.993E-05
9.993E-05 0.999201 9.993E-05 9.993E-05 9.993E-05 9.993E-05 9.993E-05 9.993E-05 9.993E-05
0.00375194 9.9964E-05 0.00343449 9.9964E-05 0.436424 0.535567 9.9964E-05 0.0204226 9.9964E-05
9.9946E-05 9.9946E-05 0.0126606 9.9946E-05 0.50266 0.48408 9.9946E-05 9.9946E-05 9.9946E-05
0.00496694 0.00876983 0.0644064 9.9991E-05 0.271004 0.619524 0.00726432 0.0102076 0.0137566
9.9955E-05 9.9955E-05 0.735287 0.00185844 9.9955E-05 9.9955E-05 0.00160823 0.260747 9.9955E-05
9.9946E-05 9.9946E-05 0.72278 9.9946E-05 9.9946E-05 9.9946E-05 0.00452527 0.272095 9.9946E-05
9.9937E-05 9.9937E-05 0.713633 9.9937E-05 9.9937E-05 9.9937E-05 9.9937E-05 0.285667 9.9937E-05
9.9937E-05 9.9937E-05 9.9937E-05 9.9937E-05 0.113972 0.885329 9.9937E-05 9.9937E-05 9.9937E-05
9.9946E-05 9.9946E-05 9.9946E-05 9.9946E-05 0.152726 0.840771 9.9946E-05 9.9946E-05 0.00590321
9.9937E-05 9.9937E-05 9.9937E-05 9.9937E-05 0.0794516 0.919849 9.9937E-05 9.9937E-05 9.9937E-05
0.000668899 9.9946E-05 9.9946E-05 9.9946E-05 9.9946E-05 0.0127941 9.9946E-05 9.9946E-05 0.985937
9.993E-05 9.993E-05 9.993E-05 9.993E-05 9.993E-05 9.993E-05 9.993E-05 9.993E-05 0.999201
9.9946E-05 9.9946E-05 9.9946E-05 0.00159397 9.9946E-05 9.9946E-05 9.9946E-05 0.00418498 0.993621
0.916604 9.9973E-05 9.9973E-05 9.9973E-05 0.00216917 0.0229468 0.0115552 0.0301305 0.0162947
0.964896 0.0344043 9.9937E-05 9.9937E-05 9.9937E-05 9.9937E-05 9.9937E-05 9.9937E-05 9.9937E-05
0.99854 0.00076048 9.9937E-05 9.9937E-05 9.9937E-05 9.9937E-05 9.9937E-05 9.9937E-05 9.9937E-05
9.9946E-05 9.9946E-05 0.0369211 9.9946E-05 9.9946E-05 0.95554 9.9946E-05 0.0069395 9.9946E-05
0.00608193 0.00221207 0.0628451 0.00229524 9.9982E-05 0.911417 0.000429483 0.0145193 9.9982E-05
9.9937E-05 9.9937E-05 0.0293087 9.9937E-05 9.9937E-05 0.969992 9.9937E-05 9.9937E-05 9.9937E-05
0.0109337 0.000643895 0.595987 0.00638129 9.9982E-05 0.330459 0.00973782 9.9982E-05 0.0456576
9.9964E-05 0.0116096 0.594447 9.9964E-05 9.9964E-05 0.321037 0.0115329 9.9964E-05 0.0609732
0.0181374 9.9973E-05 0.559012 0.003259 9.9973E-05 0.311381 0.0198094 9.9973E-05 0.0881012
9.999E-05 0.0132052 0.63838 0.00682914 0.0227794 0.0073659 0.0134444 0.282291 0.0156055
9.9937E-05 9.9937E-05 0.667494 9.9937E-05 9.9937E-05 9.9937E-05 9.9937E-05 0.331807 9.9937E-05
9.9946E-05 9.9946E-05 0.695814 9.9946E-05 9.9946E-05 9.9946E-05 0.00387363 0.299713 9.9946E-05
9.9964E-05 0.0111914 0.127379 9.9964E-05 9.9964E-05 0.844492 0.0151114 9.9964E-05 0.00142682
9.9964E-05 0.00436061 0.127124 9.9964E-05 9.9964E-05 0.861081 0.00201364 9.9964E-05 0.00502177
9.9964E-05 0.00734633 0.104879 9.9964E-05 9.9964E-05 0.873394 0.00611602 9.9964E-05 0.00786535
0.000875674 9.9955E-05 9.9955E-05 9.9955E-05 0.748307 0.244536 0.00578157 9.9955E-05 9.9955E-05
0.00136346 9.9982E-05 9.9982E-05 0.00836496 0.752566 0.174489 0.00112725 0.0237903 0.0380991
9.999E-05 0.00388052 0.0322281 0.00911542 0.78239 0.129532 0.0119239 0.000874938 0.029955
9.993E-05 9.993E-05 9.993E-05 9.993E-05 9.993E-05 9.993E-05 0.999201 9.993E-05 9.993E-05
9.993E-05 9.993E-05 9.993E-05 9.993E-05 9.993E-05 9.993E-05 0.999201 9.993E-05 9.993E-05
9.993E-05 9.993E-05 9.993E-05 9.993E-05 9.993E-05 9.993E-05 0.999201 9.993E-05 9.993E-05
0.00561111 0.005943 9.9991E-05 0.00164193 0.00771352 0.00599092 0.960146 0.0116725 0.00118156
9.9937E-05 9.9937E-05 9.9937E-05 9.9937E-05 9.9937E-05 9.9937E-05 0.998514 9.9937E-05 0.000786751
9.9955E-05 9.9955E-05 0.0257029 9.9955E-05 0.00158841 0.00578164 0.966427 9.9955E-05 9.9955E-05
9.9946E-05 9.9946E-05 0.935531 9.9946E-05 0.0600865 9.9946E-05 9.9946E-05 9.9946E-05 0.00378327
9.9937E-05 9.9937E-05 0.995795 9.9937E-05 9.9937E-05 9.9937E-05 0.0035051 9.9937E-05 9.9937E-05
9.993E-05 9.993E-05 0.999201 9.993E-05 9.993E-05 9.993E-05 9.993E-05 9.993E-05 9.993E-05
9.9946E-05 9.9946E-05 0.974257 9.9946E-05 0.00638558 9.9946E-05 0.018758 9.9946E-05 9.9946E-05
9.993E-05 9.993E-05 0.999201 9.993E-05 9.993E-05 9.993E-05 9.993E-05 9.993E-05 9.993E-05
9.993E-05 9.993E-05 0.999201 9.993E-05 9.993E-05 9.993E-05 9.993E-05 9.993E-05 9.993E-05
9.9937E-05 9.9937E-05 9.9937E-05 9.9937E-05 0.0517867 0.947514 9.9937E-05 9.9937E-05 9.9937E-05
9.9937E-05 9.9937E-05 9.9937E-05 9.9937E-05 0.0487784 0.950522 9.9937E-05 9.9937E-05 9.9937E-05
9.993E-05 9.993E-05 9.993E-05 9.993E-05 9.993E-05 0.999201 9.993E-05 9.993E-05 9.993E-05
9.993E-05 9.993E-05 9.993E-05 9.993E-05 9.993E-05 9.993E-05 9.993E-05 0.999201 9.993E-05
0.00105722 9.9955E-05 9.9955E-05 9.9955E-05 0.0112488 9.9955E-05 9.9955E-05 0.985899 0.00129503
9.9966E-05 0.00439864 9.9966E-05 9.9966E-05 0.00453176 0.0327103 9.9966E-05 0.943264 0.0146958
9.993E-05 9.993E-05 9.993E-05 9.993E-05 0.999201 9.993E-05 9.993E-05 9.993E-05 9.993E-05
9.993E-05 9.993E-05 9.993E-05 9.993E-05 0.999201 9.993E-05 9.993E-05 9.993E-05 9.993E-05
9.9973E-05 0.00754673 9.9973E-05 0.00784477 0.907475 9.9973E-05 0.0139502 0.0294574 0.0334258
0.0062239 9.9991E-05 0.0188585 0.0033991 0.0683695 0.022927 0.00326269 0.00342325 0.873436
0.00152588 0.00743499 0.0285619 9.9973E-05 0.0674043 9.9973E-05 9.9973E-05 0.00250539 0.892268
9.99663E-05 9.99663E-05 0.0160858 0.0033323 0.0945574 9.99663E-05 0.00355924 9.99663E-05 0.882065
9.9937E-05 9.9937E-05 9.9937E-05 0.962768 9.9937E-05 0.0365323 9.9937E-05 9.9937E-05 9.9937E-05
9.993E-05 9.993E-05 9.993E-05 0.999201 9.993E-05 9.993E-05 9.993E-05 9.993E-05 9.993E-05
9.9937E-05 9.9937E-05 9.9937E-05 0.998584 9.9937E-05 9.9937E-05 9.9937E-05 9.9937E-05 0.000716422
9.9937E-05 9.9937E-05 9.9937E-05 9.9937E-05 0.228729 0.770572 9.9937E-05 9.9937E-05 9.9937E-05
0.0309562 0.000323737 9.9991E-05 0.00589905 0.23552 0.534087 0.0199544 0.0920134 0.0811471
9.9946E-05 9.9946E-05 9.9946E-05 0.000261269 0.216176 0.782963 9.9946E-05 9.9946E-05 9.9946E-05
9.999E-05 0.0014423 0.00864413 0.00379331 0.00312408 0.00248754 0.0142268 0.00806855 0.958113
9.9937E-05 9.9937E-05 9.9937E-05 9.9937E-05 9.9937E-05 0.00534345 9.9937E-05 9.9937E-05 0.993957
9.993E-05 9.993E-05 9.993E-05 9.993E-05 9.993E-05 9.993E-05 9.993E-05 9.993E-05 0.999201
9.9973E-05 0.00571466 9.9973E-05 0.00229876 9.9973E-05 0.0246997 0.00445513 0.949411 0.0131204
9.9955E-05 0.00715642 9.9955E-05 9.9955E-05 9.9955E-05 0.0716675 9.9955E-05 0.914539 0.00613718
9.9946E-05 9.9946E-05 9.9946E-05 0.0105044 9.9946E-05 9.9946E-05 9.9946E-05 0.980811 0.00808501
9.9937E-05 9.9937E-05 9.9937E-05 9.9937E-05 0.0039096 0.995391 9.9937E-05 9.9937E-05 9.9937E-05
0.0013904 0.00180533 9.9991E-05 0.00637638 0.0300617 0.938525 0.00524871 0.00171519 0.0147773
9.993E-05 9.993E-05 9.993E-05 9.993E-05 9.993E-05 0.999201 9.993E-05 9.993E-05 9.993E-05
9.9937E-05 9.9937E-05 9.9937E-05 9.9937E-05 9.9937E-05 0.00548898 9.9937E-05 9.9937E-05 0.993811
9.9937E-05 9.9937E-05 9.9937E-05 9.9937E-05 9.9937E-05 0.0151512 9.9937E-05 9.9937E-05 0.984149
9.993E-05 9.993E-05 9.993E-05 9.993E-05 9.993E-05 9.993E-05 9.993E-05 9.993E-05 0.999201
0.8562 9.9982E-05 0.0182617 9.9982E-05 0.013619 0.0399417 0.0206816 0.0204149 0.0306813
0.945129 9.9973E-05 0.011829 0.00715873 0.0212119 9.9973E-05 0.00764945 9.9973E-05 0.00672216
0.321678 0.677622 9.9937E-05 9.9937E-05 9.9937E-05 9.9937E-05 9.9937E-05 9.9937E-05 9.9937E-05
0.00354295 9.9937E-05 9.9937E-05 9.9937E-05 9.9937E-05 9.9937E-05 9.9937E-05 0.995757 9.9937E-05
0.00163454 9.9955E-05 9.9955E-05 9.9955E-05 0.0010631 9.9955E-05 9.9955E-05 0.989731 0.0070713
9.993E-05 9.993E-05 9.993E-05 9.993E-05 9.993E-05 9.993E-05 9.993E-05 0.999201 9.993E-05
9.993E-05 9.993E-05 9.993E-05 9.993E-05 0.999201 9.993E-05 9.993E-05 9.993E-05 9.993E-05
9.993E-05 9.993E-05 9.993E-05 9.993E-05 0.999201 9.993E-05 9.993E-05 9.993E-05 9.993E-05
0.00138556 9.9973E-05 0.0098187 0.00918848 0.835541 0.137846 9.9973E-05 9.9973E-05 0.00592015
0.018318 9.9982E-05 9.9982E-05 0.00420068 0.868242 0.0561674 0.00369735 0.0211709 0.0280033
9.993E-05 9.993E-05 9.993E-05 9.993E-05 0.999201 9.993E-05 9.993E-05 9.993E-05 9.993E-05
9.9937E-05 9.9937E-05 9.9937E-05 9.9937E-05 0.997483 9.9937E-05 0.00181694 9.9937E-05 9.9937E-05
