9.9937E-05 0.00869804 9.9937E-05 0.990602 9.9937E-05 9.9937E-05 9.9937E-05 9.9937E-05 9.9937E-05
0.0263878 0.0142182 9.9946E-05 0.958794 9.9946E-05 9.9946E-05 9.9946E-05 9.9946E-05 9.9946E-05
9.9937E-05 0.0106417 9.9937E-05 0.988659 9.9937E-05 9.9937E-05 9.9937E-05 9.9937E-05 9.9937E-05
0.025184 0.0204629 9.9991E-05 0.0472652 0.0186281 0.52848 0.0166599 0.342825 0.000395041
0.0361211 0.0197937 9.9991E-05 0.0317833 0.0208191 0.532716 0.00222313 0.352018 0.00442586
0.0411078 0.0384613 9.9991E-05 0.0578644 0.0629306 0.477319 0.0331098 0.274579 0.0145272
0.0179481 0.0175069 0.000897547 0.963148 9.9955E-05 9.9955E-05 9.9955E-05 9.9955E-05 9.9955E-05
9.9946E-05 0.0185823 9.9946E-05 0.938576 9.9946E-05 0.0422421 9.9946E-05 9.9946E-05 9.9946E-05
9.9946E-05 9.9946E-05 9.9946E-05 0.969733 0.00400993 0.0256571 9.9946E-05 9.9946E-05 9.9946E-05
9.9973E-05 0.00210278 9.9973E-05 0.0278592 0.014879 0.0180597 0.93399 9.9973E-05 0.00280943
9.9937E-05 9.9937E-05 9.9937E-05 0.00637951 9.9937E-05 9.9937E-05 0.992921 9.9937E-05 9.9937E-05
9.9946E-05 9.9946E-05 9.9946E-05 9.9946E-05 9.9946E-05 0.000205206 0.994357 0.0048377 9.9946E-05
9.9964E-05 9.9964E-05 9.9964E-05 0.01687 9.9964E-05 0.528416 0.00213724 0.447636 0.00454076
0.0194649 0.000295659 9.9955E-05 9.9955E-05 9.9955E-05 0.45791 9.9955E-05 0.521829 9.9955E-05
0.0668538 0.0043425 0.00240038 0.00611022 0.0270023 0.595112 0.00538693 0.290846 0.00194557
0.731483 0.00381259 9.9955E-05 0.263895 9.9955E-05 9.9955E-05 9.9955E-05 9.9955E-05 0.000309348
0.706837 0.00169452 9.9955E-05 0.285056 9.9955E-05 9.9955E-05 9.9955E-05 9.9955E-05 0.00591243
0.725739 0.00312491 9.9946E-05 0.270536 9.9946E-05 9.9946E-05 9.9946E-05 9.9946E-05 9.9946E-05
9.9937E-05 9.9937E-05 9.9937E-05 9.9937E-05 9.9937E-05 0.888988 9.9937E-05 0.110313 9.9937E-05
9.9937E-05 9.9937E-05 9.9937E-05 9.9937E-05 9.9937E-05 0.854505 9.9937E-05 0.144795 9.9937E-05
9.9937E-05 9.9937E-05 9.9937E-05 9.9937E-05 9.9937E-05 0.924692 9.9937E-05 0.0746087 9.9937E-05
9.9937E-05 9.9937E-05 9.9937E-05 9.9937E-05 0.991626 0.00767424 9.9937E-05 9.9937E-05 9.9937E-05
9.993E-05 9.993E-05 9.993E-05 9.993E-05 0.999201 9.993E-05 9.993E-05 9.993E-05 9.993E-05
9.9955E-05 9.9955E-05 0.0028579 0.00838258 0.988031 9.9955E-05 9.9955E-05 0.000229202 9.9955E-05
9.9982E-05 0.0132965 0.0825092 0.0297971 0.0233363 0.0273608 0.822249 9.9982E-05 0.00125091
9.993E-05 9.993E-05 9.993E-05 9.993E-05 9.993E-05 9.993E-05 0.999201 9.993E-05 9.993E-05
9.993E-05 9.993E-05 9.993E-05 9.993E-05 9.993E-05 9.993E-05 0.999201 9.993E-05 9.993E-05
0.0255115 9.9946E-05 9.9946E-05 0.00648866 9.9946E-05 0.9674 9.9946E-05 9.9946E-05 9.9946E-05
0.0679947 0.00869983 9.9982E-05 0.00305479 0.000841047 0.910818 0.00679483 9.9982E-05 0.00159716
0.034148 9.9937E-05 9.9937E-05 9.9937E-05 9.9937E-05 0.965152 9.9937E-05 9.9937E-05 9.9937E-05
0.581194 0.00607133 9.9973E-05 9.9973E-05 0.0618151 0.323595 0.0124955 9.9973E-05 0.0145293
0.580117 0.0108716 9.9973E-05 9.9973E-05 0.0569385 0.320555 0.0141802 9.9973E-05 0.0170383
0.569222 0.0141436 9.9973E-05 9.9973E-05 0.0823847 0.298482 0.0247588 9.9973E-05 0.01071
0.636477 0.0211694 0.0140949 0.270897 0.0167011 9.9991E-05 0.00486933 0.0280487 0.00764265
0.686244 9.9937E-05 9.9937E-05 0.313056 9.9937E-05 9.9937E-05 9.9937E-05 9.9937E-05 9.9937E-05
0.693868 0.00294418 9.9946E-05 0.302588 9.9946E-05 9.9946E-05 9.9946E-05 9.9946E-05 9.9946E-05
0.1414 0.00266595 9.9964E-05 9.9964E-05 0.00522236 0.847305 9.9964E-05 9.9964E-05 0.00300685
0.13945 9.9955E-05 0.00806079 9.9955E-05 0.00796924 0.84402 9.9955E-05 9.9955E-05 9.9955E-05
0.123781 0.00883756 0.0016141 9.9982E-05 0.0105138 0.85239 0.00178471 9.9982E-05 0.000879001
9.9964E-05 0.00590012 9.9964E-05 0.00810465 9.9964E-05 0.260955 0.00268648 0.721954 9.9964E-05
0.00408809 9.99874E-05 9.99874E-05 0.0173998 0.0487685 0.179057 0.0093029 0.737312 0.0038717
0.0249608 0.0168602 0.00764041 0.00357081 0.0355519 0.135066 9.9982E-05 0.77615 9.9982E-05
9.993E-05 0.999201 9.993E-05 9.993E-05 9.993E-05 9.993E-05 9.993E-05 9.993E-05 9.993E-05
9.993E-05 0.999201 9.993E-05 9.993E-05 9.993E-05 9.993E-05 9.993E-05 9.993E-05 9.993E-05
9.993E-05 0.999201 9.993E-05 9.993E-05 9.993E-05 9.993E-05 9.993E-05 9.993E-05 9.993E-05
0.000150661 0.959109 9.9964E-05 0.00285331 0.0198857 9.9964E-05 0.017601 9.9964E-05 9.9964E-05
9.9937E-05 0.997424 9.9937E-05 0.00187663 9.9937E-05 9.9937E-05 9.9937E-05 9.9937E-05 9.9937E-05
0.0469561 0.94828 9.9946E-05 9.9946E-05 9.9946E-05 0.00416415 9.9946E-05 9.9946E-05 9.9946E-05
0.941275 9.99471E-05 9.99471E-05 9.99471E-05 0.0081856 9.99471E-05 9.99471E-05 0.0499393 9.99471E-05
0.999201 9.993E-05 9.993E-05 9.993E-05 9.993E-05 9.993E-05 9.993E-05 9.993E-05 9.993E-05
0.999201 9.993E-05 9.993E-05 9.993E-05 9.993E-05 9.993E-05 9.993E-05 9.993E-05 9.993E-05
0.959709 0.0119444 9.9946E-05 9.9946E-05 9.9946E-05 9.9946E-05 9.9946E-05 0.027747 9.9946E-05
0.999201 9.993E-05 9.993E-05 9.993E-05 9.993E-05 9.993E-05 9.993E-05 9.993E-05 9.993E-05
0.999201 9.993E-05 9.993E-05 9.993E-05 9.993E-05 9.993E-05 9.993E-05 9.993E-05 9.993E-05
9.9937E-05 9.9937E-05 9.9937E-05 9.9937E-05 9.9937E-05 0.942917 9.9937E-05 0.0563834 9.9937E-05
9.9937E-05 9.9937E-05 9.9937E-05 9.9937E-05 9.9937E-05 0.938662 9.9937E-05 0.0606384 9.9937E-05
9.993E-05 9.993E-05 9.993E-05 9.993E-05 9.993E-05 0.999201 9.993E-05 9.993E-05 9.993E-05
9.993E-05 9.993E-05 9.993E-05 0.999201 9.993E-05 9.993E-05 9.993E-05 9.993E-05 9.993E-05
9.9955E-05 9.9955E-05 0.00084253 0.975343 0.00479859 9.9955E-05 9.9955E-05 0.0185163 9.9955E-05
9.9949E-05 9.9949E-05 9.9949E-05 0.945677 0.0177782 0.0359452 9.9949E-05 9.9949E-05 9.9949E-05
9.993E-05 9.993E-05 9.993E-05 9.993E-05 9.993E-05 9.993E-05 9.993E-05 0.999201 9.993E-05
9.993E-05 9.993E-05 9.993E-05 9.993E-05 9.993E-05 9.993E-05 9.993E-05 0.999201 9.993E-05
9.9982E-05 0.0165171 9.9982E-05 0.027326 0.0382618 0.0113688 0.00556659 0.888597 0.0121628
0.0076172 0.00749565 0.000227937 0.00571777 0.858412 0.0248834 0.0104029 0.0755807 0.00966196
0.0206039 0.00276994 9.9964E-05 9.9964E-05 0.899814 9.9964E-05 0.00573119 0.0706809 9.9964E-05
0.00435271 0.00538371 9.9973E-05 0.00838947 0.870892 9.9973E-05 9.9973E-05 0.102355 0.00832691
9.9946E-05 0.0141622 9.9946E-05 9.9946E-05 0.0049521 9.9946E-05 9.9946E-05 9.9946E-05 0.980286
9.993E-05 9.993E-05 9.993E-05 9.993E-05 9.993E-05 9.993E-05 9.993E-05 9.993E-05 0.999201
9.9937E-05 9.9937E-05 0.00884216 9.9937E-05 9.9937E-05 9.9937E-05 9.9937E-05 9.9937E-05 0.990458
9.9937E-05 9.9937E-05 9.9937E-05 9.9937E-05 9.9937E-05 0.766992 9.9937E-05 0.232308 9.9937E-05
9.9991E-05 0.0273796 0.0133408 0.0788231 0.0973881 0.535402 0.0184647 0.220993 0.00810852
9.9937E-05 9.9937E-05 9.9937E-05 9.9937E-05 9.9937E-05 0.795824 9.9937E-05 0.203476 9.9937E-05
0.00354314 0.0135793 0.00161378 0.0118128 0.957618 9.9973E-05 9.9973E-05 0.0115325 9.9973E-05
9.9946E-05 9.9946E-05 9.9946E-05 9.9946E-05 0.985766 0.0116701 9.9946E-05 9.9946E-05 0.00196432
9.993E-05 9.993E-05 9.993E-05 9.993E-05 0.999201 9.993E-05 9.993E-05 9.993E-05 9.993E-05
9.999E-05 0.00632365 0.00154888 0.946442 0.00951847 0.0106917 0.00301165 0.0193015 0.0030623
9.9955E-05 9.9955E-05 9.9955E-05 0.91876 0.0102614 0.058278 0.0122004 9.9955E-05 9.9955E-05
9.9973E-05 0.00153309 0.00751624 0.984096 0.0041683 0.00162655 9.9973E-05 9.9973E-05 0.000759516
9.9937E-05 9.9937E-05 9.9937E-05 9.9937E-05 9.9937E-05 0.991825 9.9937E-05 0.00747569 9.9937E-05
9.9973E-05 0.00353644 9.9973E-05 0.0080063 0.0158615 0.956383 9.9973E-05 0.0120983 0.00381461
9.9946E-05 9.9946E-05 9.9946E-05 0.000321418 9.9946E-05 0.998932 9.9946E-05 9.9946E-05 0.000147221
9.993E-05 9.993E-05 9.993E-05 9.993E-05 0.999201 9.993E-05 9.993E-05 9.993E-05 9.993E-05
9.9937E-05 9.9937E-05 9.9937E-05 9.9937E-05 0.980451 0.018849 9.9937E-05 9.9937E-05 9.9937E-05
9.993E-05 9.993E-05 9.993E-05 9.993E-05 0.999201 9.993E-05 9.993E-05 9.993E-05 9.993E-05
9.993E-05 9.993E-05 0.999201 9.993E-05 9.993E-05 9.993E-05 9.993E-05 9.993E-05 9.993E-05
9.9973E-05 9.9973E-05 9.9973E-05 0.0285215 0.0117439 0.00100056 0.925317 0.0284354 0.00468178
9.9955E-05 0.00058056 0.0095593 9.9955E-05 9.9955E-05 9.9955E-05 0.98384 9.9955E-05 0.00552045
9.9937E-05 9.9937E-05 9.9937E-05 0.998097 9.9937E-05 0.00120302 9.9937E-05 9.9937E-05 9.9937E-05
9.9964E-05 9.9964E-05 9.9964E-05 0.984784 0.00874791 9.9964E-05 0.00454134 0.00122292 0.000304346
9.993E-05 9.993E-05 9.993E-05 0.999201 9.993E-05 9.993E-05 9.993E-05 9.993E-05 9.993E-05
9.993E-05 9.993E-05 9.993E-05 9.993E-05 9.993E-05 9.993E-05 9.993E-05 0.999201 9.993E-05
9.993E-05 9.993E-05 9.993E-05 9.993E-05 9.993E-05 9.993E-05 9.993E-05 0.999201 9.993E-05
9.9982E-05 0.0029106 0.00403589 9.9982E-05 0.0107371 0.168482 0.00179962 0.809441 0.00239423
9.9982E-05 0.0087009 9.9982E-05 0.0295797 0.025687 0.0225983 0.00902384 0.903473 0.000737071
9.993E-05 9.993E-05 9.993E-05 9.993E-05 9.993E-05 9.993E-05 9.993E-05 0.999201 9.993E-05
0.00213707 0.00424519 0.000621344 9.9964E-05 0.00897979 9.9964E-05 9.9964E-05 0.983617 9.9964E-05
