0.0105328 9.9946E-05 0.00209554 9.9946E-05 0.986772 9.9946E-05 9.9946E-05 9.9946E-05 9.9946E-05
0.0161999 9.9946E-05 0.0443552 9.9946E-05 0.938845 9.9946E-05 9.9946E-05 9.9946E-05 9.9946E-05
0.00789914 9.9946E-05 0.0239881 9.9946E-05 0.967513 9.9946E-05 9.9946E-05 9.9946E-05 9.9946E-05
0.0234138 0.0619142 0.0190477 0.360293 0.0297311 0.00896759 0.0132824 0.477236 0.00611446
0.0246757 0.0767088 0.00441402 0.356019 0.0351732 9.9991E-05 0.012116 0.48723 0.0035626
0.0434585 0.0577135 0.0127135 0.327036 0.0751818 0.0236384 0.0597177 0.40044 9.9991E-05
0.0254807 9.9955E-05 0.0430628 9.9955E-05 0.92996 0.000996753 9.9955E-05 9.9955E-05 9.9955E-05
0.0227561 9.9955E-05 0.00268154 9.9955E-05 0.930302 9.9955E-05 9.9955E-05 0.0437605 9.9955E-05
9.9955E-05 0.0256776 9.9955E-05 9.9955E-05 0.938174 9.9955E-05 0.0179759 0.0176728 9.9955E-05
0.0083632 0.000902021 9.9982E-05 9.9982E-05 0.00450474 0.933228 0.00174112 0.0461408 0.00492069
9.9937E-05 0.003764 9.9937E-05 9.9937E-05 9.9937E-05 0.995536 9.9937E-05 9.9937E-05 9.9937E-05
9.993E-05 9.993E-05 9.993E-05 9.993E-05 9.993E-05 0.999201 9.993E-05 9.993E-05 9.993E-05
0.004169 0.0145228 0.00868152 0.417247 0.010718 0.000891961 9.9991E-05 0.537587 0.00608354
9.9955E-05 9.9955E-05 0.0173705 0.502955 9.9955E-05 9.9955E-05 9.9955E-05 0.478999 0.000175225
9.997E-05 0.0536226 0.0538772 0.274165 9.997E-05 0.00330169 0.00702939 0.607705 9.997E-05
9.9946E-05 9.9946E-05 0.802061 9.9946E-05 0.195905 9.9946E-05 9.9946E-05 0.00143514 9.9946E-05
0.00757634 0.00596773 0.745366 9.9991E-05 0.229845 0.00288788 0.00407018 0.00144368 0.00274286
9.9937E-05 9.9937E-05 0.75854 9.9937E-05 0.24076 9.9937E-05 9.9937E-05 9.9937E-05 9.9937E-05
9.9937E-05 9.9937E-05 9.9937E-05 0.085999 9.9937E-05 9.9937E-05 9.9937E-05 0.913301 9.9937E-05
9.9946E-05 9.9946E-05 9.9946E-05 0.141327 9.9946E-05 9.9946E-05 0.00595615 0.852118 9.9946E-05
9.9937E-05 9.9937E-05 9.9937E-05 0.0379611 9.9937E-05 9.9937E-05 9.9937E-05 0.961339 9.9937E-05
9.9946E-05 0.000678246 9.9946E-05 9.9946E-05 9.9946E-05 9.9946E-05 0.975446 0.0232756 9.9946E-05
9.993E-05 9.993E-05 9.993E-05 9.993E-05 9.993E-05 9.993E-05 0.999201 9.993E-05 9.993E-05
0.00519649 9.9955E-05 9.9955E-05 9.9955E-05 0.00526919 0.00406619 0.984968 9.9955E-05 9.9955E-05
9.997E-05 0.0204555 0.0136321 0.00951266 0.0230782 0.909317 0.0237046 9.997E-05 9.997E-05
9.993E-05 9.993E-05 9.993E-05 9.993E-05 9.993E-05 0.999201 9.993E-05 9.993E-05 9.993E-05
9.993E-05 9.993E-05 9.993E-05 9.993E-05 9.993E-05 0.999201 9.993E-05 9.993E-05 9.993E-05
9.9946E-05 0.0246322 0.0382921 9.9946E-05 9.9946E-05 9.9946E-05 9.9946E-05 0.936476 9.9946E-05
0.00396457 0.0476946 0.0597052 9.9982E-05 9.9982E-05 0.00452489 0.00290255 0.878716 0.00229258
9.9946E-05 0.0224488 0.0242244 9.9946E-05 9.9946E-05 9.9946E-05 9.9946E-05 0.952727 9.9946E-05
9.993E-05 0.999201 9.993E-05 9.993E-05 9.993E-05 9.993E-05 9.993E-05 9.993E-05 9.993E-05
9.993E-05 0.999201 9.993E-05 9.993E-05 9.993E-05 9.993E-05 9.993E-05 9.993E-05 9.993E-05
0.0107918 0.931029 9.9973E-05 0.00471506 0.0345046 0.00280034 0.0158596 9.9973E-05 9.9973E-05
0.0228116 9.9973E-05 0.660357 9.9973E-05 0.231371 0.0208008 0.0217367 0.0426226 9.9973E-05
9.9937E-05 9.9937E-05 0.744857 9.9937E-05 0.254443 9.9937E-05 9.9937E-05 9.9937E-05 9.9937E-05
9.9937E-05 9.9937E-05 0.754959 9.9937E-05 0.244341 9.9937E-05 9.9937E-05 9.9937E-05 9.9937E-05
0.0122357 0.163985 0.0510502 9.9982E-05 9.9982E-05 0.000427806 0.00483679 0.76715 0.000114178
9.9955E-05 0.166068 0.0556988 9.9955E-05 9.9955E-05 0.00239463 9.9955E-05 0.775339 9.9955E-05
9.9964E-05 0.167353 0.0210339 9.9964E-05 0.00437858 0.000775714 9.9964E-05 0.806059 9.9964E-05
0.0024127 0.0109079 9.9964E-05 0.773666 0.00118742 9.9964E-05 9.9964E-05 0.211426 9.9964E-05
9.9991E-05 0.00808239 0.0054917 0.753232 0.0214779 0.00534155 0.0470983 0.156064 0.00311155
0.0106048 0.0112169 0.0156466 0.773301 0.0156627 0.00313428 0.0383684 0.129059 0.00300615
0.999201 9.993E-05 9.993E-05 9.993E-05 9.993E-05 9.993E-05 9.993E-05 9.993E-05 9.993E-05
0.999201 9.993E-05 9.993E-05 9.993E-05 9.993E-05 9.993E-05 9.993E-05 9.993E-05 9.993E-05
0.997902 9.9937E-05 0.00139816 9.9937E-05 9.9937E-05 9.9937E-05 9.9937E-05 9.9937E-05 9.9937E-05
0.953313 0.00828143 9.9973E-05 0.00460913 0.0080299 0.0151623 0.0103044 9.9973E-05 9.9973E-05
0.989889 9.9937E-05 0.00941152 9.9937E-05 9.9937E-05 9.9937E-05 9.9937E-05 9.9937E-05 9.9937E-05
0.950226 9.9946E-05 0.041855 9.9946E-05 9.9946E-05 9.9946E-05 9.9946E-05 0.00731927 9.9946E-05
9.9955E-05 0.0916645 0.850445 0.0456806 9.9955E-05 9.9955E-05 0.0117103 9.9955E-05 9.9955E-05
0.00506838 9.9937E-05 0.994232 9.9937E-05 9.9937E-05 9.9937E-05 9.9937E-05 9.9937E-05 9.9937E-05
9.9955E-05 0.0574653 0.931287 0.00260749 9.9955E-05 9.9955E-05 9.9955E-05 0.00813997 9.9955E-05
0.0217674 0.0124659 0.939552 0.025715 9.9955E-05 9.9955E-05 9.9955E-05 9.9955E-05 9.9955E-05
9.9955E-05 0.0157733 0.977557 0.00547286 9.9955E-05 9.9955E-05 9.9955E-05 0.000697395 9.9955E-05
0.000714321 9.9937E-05 0.998586 9.9937E-05 9.9937E-05 9.9937E-05 9.9937E-05 9.9937E-05 9.9937E-05
9.9946E-05 9.9946E-05 9.9946E-05 0.0745364 9.9946E-05 9.9946E-05 0.00144367 0.92342 9.9946E-05
9.9937E-05 9.9937E-05 9.9937E-05 0.0303781 9.9937E-05 9.9937E-05 9.9937E-05 0.968922 9.9937E-05
9.993E-05 9.993E-05 9.993E-05 9.993E-05 9.993E-05 9.993E-05 9.993E-05 0.999201 9.993E-05
9.993E-05 9.993E-05 9.993E-05 9.993E-05 0.999201 9.993E-05 9.993E-05 9.993E-05 9.993E-05
9.9964E-05 0.00120573 9.9964E-05 0.0147692 0.975894 9.9964E-05 0.00667865 0.00105292 9.9964E-05
9.9964E-05 0.0242017 9.9964E-05 9.9964E-05 0.93016 0.00667922 0.0106211 0.0279384 9.9964E-05
9.993E-05 9.993E-05 9.993E-05 0.999201 9.993E-05 9.993E-05 9.993E-05 9.993E-05 9.993E-05
9.993E-05 9.993E-05 9.993E-05 0.999201 9.993E-05 9.993E-05 9.993E-05 9.993E-05 9.993E-05
0.0122604 0.00128703 0.0053285 0.903773 0.0271753 0.00165118 0.0327165 0.0152885 0.000519151
9.998E-05 0.0240547 0.0119426 0.0748952 9.998E-05 0.00995647 0.870301 0.00701509 0.00163515
9.997E-05 9.997E-05 0.00906757 0.0826975 0.00509336 0.00313557 0.896815 9.997E-05 0.00289119
0.00252638 9.9973E-05 0.016889 0.112029 0.000163493 0.00875176 0.859341 9.9973E-05 9.9973E-05
0.0139015 9.9946E-05 9.9946E-05 9.9946E-05 9.9946E-05 0.00676097 9.9946E-05 9.9946E-05 0.978738
9.99359E-05 9.99359E-05 9.99359E-05 9.99359E-05 9.99359E-05 9.99359E-05 9.99359E-05 9.99359E-05 0.999201
9.9937E-05 9.9937E-05 9.9937E-05 0.00797627 9.9937E-05 9.9937E-05 9.9937E-05 9.9937E-05 0.991324
9.9946E-05 9.9946E-05 9.9946E-05 0.197703 9.9946E-05 9.9946E-05 0.00694814 0.794749 9.9946E-05
0.0320408 9.999E-05 0.0094669 0.202086 0.0600737 0.0264225 0.103111 0.553055 0.0136433
9.9946E-05 9.9946E-05 9.9946E-05 0.166343 9.9946E-05 9.9946E-05 0.00136057 0.831697 9.9946E-05
0.00668743 9.9982E-05 0.0214785 0.0046724 0.00783896 0.00261704 0.953556 0.00295007 9.9982E-05
0.000833494 0.00280454 9.9964E-05 9.9964E-05 0.00180655 9.9964E-05 0.975916 0.0182394 9.9964E-05
9.993E-05 9.993E-05 9.993E-05 9.993E-05 9.993E-05 9.993E-05 0.999201 9.993E-05 9.993E-05
9.9982E-05 0.00806024 9.9982E-05 0.00343477 0.940321 0.00788917 0.00608595 0.0225695 0.0114395
9.9964E-05 0.0298765 9.9964E-05 9.9964E-05 0.914067 0.000376895 0.00829169 0.0469876 9.9964E-05
0.0013281 9.9973E-05 9.9973E-05 0.00234064 0.984891 0.000310197 0.00184011 9.9973E-05 0.00899021
9.993E-05 9.993E-05 9.993E-05 9.993E-05 9.993E-05 9.993E-05 9.993E-05 0.999201 9.993E-05
9.9964E-05 9.9964E-05 9.9964E-05 0.0225261 0.0136635 9.9964E-05 0.0163048 0.942348 0.00475811
9.9937E-05 9.9937E-05 0.00500024 9.9937E-05 9.9937E-05 9.9937E-05 9.9937E-05 0.9943 9.9937E-05
9.9937E-05 9.9937E-05 9.9937E-05 0.00323713 9.9937E-05 9.9937E-05 0.996063 9.9937E-05 9.9937E-05
9.9937E-05 9.9937E-05 9.9937E-05 9.9937E-05 9.9937E-05 9.9937E-05 0.988208 0.0110928 9.9937E-05
9.993E-05 9.993E-05 9.993E-05 9.993E-05 9.993E-05 9.993E-05 0.999201 9.993E-05 9.993E-05
9.999E-05 0.0101982 0.00674995 0.00766787 0.0275618 0.819067 0.0388574 0.0749532 0.0148444
9.9973E-05 9.9973E-05 0.0201357 0.00925359 0.0147958 0.933325 0.0145649 9.9973E-05 0.00762534
9.9937E-05 9.9937E-05 0.00482783 9.9937E-05 9.9937E-05 0.994473 9.9937E-05 9.9937E-05 9.9937E-05
9.993E-05 9.993E-05 9.993E-05 9.993E-05 0.999201 9.993E-05 9.993E-05 9.993E-05 9.993E-05
9.9955E-05 0.00224726 9.9955E-05 0.0149621 0.978444 0.00384738 9.9955E-05 9.9955E-05 9.9955E-05
9.993E-05 9.993E-05 9.993E-05 9.993E-05 0.999201 9.993E-05 9.993E-05 9.993E-05 9.993E-05
9.993E-05 9.993E-05 9.993E-05 0.999201 9.993E-05 9.993E-05 9.993E-05 9.993E-05 9.993E-05
9.993E-05 9.993E-05 9.993E-05 0.999201 9.993E-05 9.993E-05 9.993E-05 9.993E-05 9.993E-05
9.997E-05 0.0187905 0.00110206 0.831318 9.997E-05 0.00767732 0.00923193 0.131581 9.997E-05
0.0126263 9.998E-05 9.998E-05 0.867785 0.0313975 0.011057 0.0294871 0.0374537 0.00999357
9.993E-05 9.993E-05 9.993E-05 0.999201 9.993E-05 9.993E-05 9.993E-05 9.993E-05 9.993E-05
0.00194248 9.9946E-05 9.9946E-05 0.991088 9.9946E-05 9.9946E-05 0.00636994 9.9946E-05 9.9946E-05
