0.991899 9.9937E-05 9.9937E-05 9.9937E-05 9.9937E-05 9.9937E-05 0.00740181 9.9937E-05 9.9937E-05
0.966985 9.9955E-05 0.00442389 9.9955E-05 9.9955E-05 9.9955E-05 0.00928343 9.9955E-05 0.0188076
0.987752 9.9937E-05 9.9937E-05 9.9937E-05 9.9937E-05 9.9937E-05 0.0115483 9.9937E-05 9.9937E-05
0.0325563 0.00974436 0.00216956 0.015984 0.371352 0.00717792 0.0102748 0.501109 0.0496327
0.0192184 0.00788463 9.9991E-05 0.0211134 0.341528 0.00416795 0.0224647 0.533238 0.0502848
0.0676198 0.0185973 0.0190528 0.0672397 0.294334 0.0290609 0.016374 0.445511 0.0422108
0.944084 9.9946E-05 9.9946E-05 9.9946E-05 9.9946E-05 9.9946E-05 0.0214417 9.9946E-05 0.033875
0.927101 9.9955E-05 0.00556785 9.9955E-05 9.9955E-05 9.9955E-05 0.0175997 0.0492315 9.9955E-05
0.962188 0.000377278 9.9964E-05 0.0076087 9.9964E-05 0.00260388 9.9964E-05 0.0268218 9.9964E-05
0.0125401 0.00199912 9.9991E-05 0.0181957 0.0175546 0.927448 0.00906515 0.00210254 0.0109951
9.9937E-05 9.9937E-05 9.9937E-05 9.9937E-05 9.9937E-05 0.99607 0.00323028 9.9937E-05 9.9937E-05
9.993E-05 9.993E-05 9.993E-05 9.993E-05 9.993E-05 0.999201 9.993E-05 9.993E-05 9.993E-05
0.0203338 9.9946E-05 9.9946E-05 9.9946E-05 0.420013 9.9946E-05 9.9946E-05 0.559054 9.9946E-05
9.9946E-05 9.9946E-05 9.9946E-05 9.9946E-05 0.498356 9.9946E-05 9.9946E-05 0.481161 0.019884
0.00638334 0.0024729 9.9991E-05 0.00998409 0.266577 0.0169455 0.0148698 0.626829 0.0558381
0.243006 9.9946E-05 9.9946E-05 9.9946E-05 9.9946E-05 9.9946E-05 0.00423424 9.9946E-05 0.75216
0.266999 9.9946E-05 9.9946E-05 9.9946E-05 9.9946E-05 9.9946E-05 0.00830526 9.9946E-05 0.724096
0.252596 9.9946E-05 9.9946E-05 9.9946E-05 9.9946E-05 9.9946E-05 0.0023512 9.9946E-05 0.744453
9.9937E-05 9.9937E-05 9.9937E-05 9.9937E-05 0.126317 9.9937E-05 9.9937E-05 0.872983 9.9937E-05
9.9946E-05 9.9946E-05 9.9946E-05 0.00207581 0.145348 9.9946E-05 9.9946E-05 0.851976 9.9946E-05
9.9937E-05 9.9937E-05 9.9937E-05 9.9937E-05 0.0848562 9.9937E-05 9.9937E-05 0.914444 9.9937E-05
9.9937E-05 9.9937E-05 9.9937E-05 0.986606 9.9937E-05 9.9937E-05 9.9937E-05 0.0126943 9.9937E-05
9.993E-05 9.993E-05 9.993E-05 0.999201 9.993E-05 9.993E-05 9.993E-05 9.993E-05 9.993E-05
9.9955E-05 0.00133997 9.9955E-05 0.98987 0.00790982 0.000380587 9.9955E-05 9.9955E-05 9.9955E-05
0.0106134 0.000352835 9.9982E-05 0.00628999 9.9982E-05 0.902241 0.00404859 0.0649558 0.011299
9.993E-05 9.993E-05 9.993E-05 9.993E-05 9.993E-05 0.999201 9.993E-05 9.993E-05 9.993E-05
9.993E-05 9.993E-05 9.993E-05 9.993E-05 9.993E-05 0.999201 9.993E-05 9.993E-05 9.993E-05
0.00787093 9.9946E-05 9.9946E-05 9.9946E-05 9.9946E-05 9.9946E-05 9.9946E-05 0.958541 0.0329882
9.9955E-05 9.9955E-05 9.9955E-05 0.00568339 9.9955E-05 9.9955E-05 0.0102837 0.924887 0.0586461
9.9937E-05 9.9937E-05 9.9937E-05 9.9937E-05 9.9937E-05 9.9937E-05 9.9937E-05 0.971289 0.0280114
9.9973E-05 0.00485306 0.0116447 0.0574421 9.9973E-05 0.0147015 9.9973E-05 0.30777 0.603289
9.9964E-05 9.9964E-05 0.0153757 0.0486981 9.9964E-05 0.0194072 9.9964E-05 0.326038 0.590081
9.9973E-05 0.00400974 0.0241374 0.0721023 9.9973E-05 0.0191372 9.9973E-05 0.311596 0.568718
0.283659 0.00301735 9.9991E-05 0.00426586 0.0355337 0.0253654 0.0314414 0.00886728 0.60775
0.325003 9.9937E-05 9.9937E-05 9.9937E-05 9.9937E-05 9.9937E-05 9.9937E-05 9.9937E-05 0.674298
0.318495 9.9937E-05 9.9937E-05 9.9937E-05 9.9937E-05 9.9937E-05 9.9937E-05 9.9937E-05 0.680805
9.9973E-05 0.00104438 0.00222478 0.00458048 9.9973E-05 0.0054818 9.9973E-05 0.862342 0.124027
9.9955E-05 0.0020936 0.000299946 9.9955E-05 9.9955E-05 9.9955E-05 9.9955E-05 0.859782 0.137324
9.9955E-05 9.9955E-05 9.9955E-05 9.9955E-05 9.9955E-05 0.00513825 0.00638713 0.876331 0.111644
0.00635806 9.9973E-05 9.9973E-05 0.00182336 0.748522 0.00061872 0.00920188 0.233176 9.9973E-05
0.02359 9.9973E-05 0.00809885 0.036028 0.78678 0.00219763 9.9973E-05 0.143005 9.9973E-05
0.0192847 0.00425916 0.0150175 0.0230923 0.766639 0.00401313 9.9991E-05 0.141778 0.0258154
9.993E-05 9.993E-05 0.999201 9.993E-05 9.993E-05 9.993E-05 9.993E-05 9.993E-05 9.993E-05
9.9937E-05 9.9937E-05 0.146395 9.9937E-05 9.9937E-05 9.9937E-05 0.852905 9.9937E-05 9.9937E-05
9.993E-05 9.993E-05 0.999201 9.993E-05 9.993E-05 9.993E-05 9.993E-05 9.993E-05 9.993E-05
9.9955E-05 0.00416566 9.9955E-05 9.9955E-05 0.0107604 9.9955E-05 0.982234 0.00233987 9.9955E-05
9.9937E-05 9.9937E-05 0.0196283 9.9937E-05 9.9937E-05 9.9937E-05 0.979672 9.9937E-05 9.9937E-05
9.9937E-05 9.9937E-05 9.9937E-05 9.9937E-05 9.9937E-05 9.9937E-05 0.97916 9.9937E-05 0.0201409
9.9946E-05 9.9946E-05 9.9946E-05 9.9946E-05 0.0571977 0.00450772 9.9946E-05 9.9946E-05 0.937695
9.9937E-05 9.9937E-05 0.00314222 9.9937E-05 9.9937E-05 9.9937E-05 9.9937E-05 9.9937E-05 0.996158
9.993E-05 9.993E-05 9.993E-05 9.993E-05 9.993E-05 9.993E-05 9.993E-05 9.993E-05 0.999201
9.9955E-05 9.9955E-05 0.000245595 9.9955E-05 0.0202679 9.9955E-05 0.0109152 9.9955E-05 0.968072
9.993E-05 9.993E-05 9.993E-05 9.993E-05 9.993E-05 9.993E-05 9.993E-05 9.993E-05 0.999201
9.993E-05 9.993E-05 9.993E-05 9.993E-05 9.993E-05 9.993E-05 9.993E-05 9.993E-05 0.999201
9.9946E-05 9.9946E-05 0.00451324 9.9946E-05 0.0718206 9.9946E-05 9.9946E-05 0.923066 9.9946E-05
9.9937E-05 9.9937E-05 9.9937E-05 9.9937E-05 0.0704506 9.9937E-05 9.9937E-05 0.92885 9.9937E-05
9.993E-05 9.993E-05 9.993E-05 9.993E-05 9.993E-05 9.993E-05 9.993E-05 0.999201 9.993E-05
0.999201 9.993E-05 9.993E-05 9.993E-05 9.993E-05 9.993E-05 9.993E-05 9.993E-05 9.993E-05
0.974751 9.9955E-05 9.9955E-05 0.00241845 0.0211454 9.9955E-05 9.9955E-05 0.00118496 9.9955E-05
0.936723 0.00165941 9.9964E-05 0.0127229 9.9964E-05 0.0118809 9.9964E-05 0.0366142 9.9964E-05
9.993E-05 9.993E-05 9.993E-05 9.993E-05 0.999201 9.993E-05 9.993E-05 9.993E-05 9.993E-05
9.993E-05 9.993E-05 9.993E-05 9.993E-05 0.999201 9.993E-05 9.993E-05 9.993E-05 9.993E-05
0.0181308 0.00389611 0.0100262 0.0337029 0.901332 0.00606961 0.00345674 0.0127644 0.0106213
0.0133588 0.00775034 0.00401121 0.866358 0.0767797 0.00421945 9.9991E-05 0.0197204 0.00770178
9.9955E-05 9.9955E-05 9.9955E-05 0.894522 0.0852809 0.000431731 9.9955E-05 9.9955E-05 0.0192659
9.9973E-05 0.00266756 9.9973E-05 0.870489 0.104642 0.00279017 0.00393594 9.9973E-05 0.0151757
9.9946E-05 0.986617 9.9946E-05 9.9946E-05 9.9946E-05 0.00651117 9.9946E-05 9.9946E-05 0.00627256
9.9937E-05 0.995637 9.9937E-05 0.00366314 9.9937E-05 9.9937E-05 9.9937E-05 9.9937E-05 9.9937E-05
9.9937E-05 0.997382 9.9937E-05 9.9937E-05 0.00191812 9.9937E-05 9.9937E-05 9.9937E-05 9.9937E-05
9.9946E-05 9.9946E-05 9.9946E-05 0.000105402 0.247204 9.9946E-05 9.9946E-05 0.752091 9.9946E-05
0.0762702 0.0103874 0.00597433 0.093812 0.258796 0.0355131 0.0204949 0.498652 9.999E-05
9.9946E-05 0.000426316 9.9946E-05 9.9946E-05 0.220539 9.9946E-05 9.9946E-05 0.778435 9.9946E-05
0.00483471 9.9973E-05 0.0105296 0.952123 9.9973E-05 0.00218473 9.9973E-05 0.0154719 0.0145564
9.9937E-05 9.9937E-05 9.9937E-05 0.984857 9.9937E-05 9.9937E-05 9.9937E-05 0.0144429 9.9937E-05
9.993E-05 9.993E-05 9.993E-05 0.999201 9.993E-05 9.993E-05 9.993E-05 9.993E-05 9.993E-05
0.950822 9.9964E-05 0.00340294 9.9964E-05 0.00801627 0.00178115 9.9964E-05 0.0355782 9.9964E-05
0.913334 0.00376011 9.9964E-05 0.00911727 9.9964E-05 0.00144867 9.9964E-05 0.0719402 9.9964E-05
0.974291 0.00232083 9.9973E-05 0.006324 0.00464648 0.00242973 9.9973E-05 0.00968771 9.9973E-05
9.993E-05 9.993E-05 9.993E-05 9.993E-05 9.993E-05 9.993E-05 9.993E-05 0.999201 9.993E-05
0.0102546 9.9964E-05 0.00240532 0.0186908 0.0287057 9.9964E-05 9.9964E-05 0.939544 9.9964E-05
9.993E-05 9.993E-05 9.993E-05 9.993E-05 9.993E-05 9.993E-05 9.993E-05 0.999201 9.993E-05
0.00411121 9.9964E-05 9.9964E-05 0.975293 0.00393043 0.00125772 9.9964E-05 0.0150075 9.9964E-05
9.9937E-05 9.9937E-05 9.9937E-05 0.993987 9.9937E-05 9.9937E-05 9.9937E-05 0.0053131 9.9937E-05
9.993E-05 9.993E-05 9.993E-05 0.999201 9.993E-05 9.993E-05 9.993E-05 9.993E-05 9.993E-05
9.9982E-05 0.00270323 0.0205712 0.0260858 0.0341657 0.798286 9.9982E-05 0.0477942 0.0701941
9.9964E-05 9.9964E-05 9.9964E-05 0.0166192 0.00130312 0.930759 9.9964E-05 0.0376843 0.0132341
9.9937E-05 0.00284145 9.9937E-05 9.9937E-05 9.9937E-05 0.996459 9.9937E-05 9.9937E-05 9.9937E-05
0.998387 9.9937E-05 9.9937E-05 0.000913425 9.9937E-05 9.9937E-05 9.9937E-05 9.9937E-05 9.9937E-05
0.993884 9.9946E-05 9.9946E-05 0.00350535 9.9946E-05 0.00201069 9.9946E-05 9.9946E-05 9.9946E-05
0.999201 9.993E-05 9.993E-05 9.993E-05 9.993E-05 9.993E-05 9.993E-05 9.993E-05 9.993E-05
9.993E-05 9.993E-05 9.993E-05 9.993E-05 0.999201 9.993E-05 9.993E-05 9.993E-05 9.993E-05
9.993E-05 9.993E-05 9.993E-05 9.993E-05 0.999201 9.993E-05 9.993E-05 9.993E-05 9.993E-05
9.9973E-05 9.9973E-05 0.00769062 0.000768502 0.849903 0.00107868 9.9973E-05 0.139115 0.00114397
0.0202635 0.00700581 9.9982E-05 0.0343496 0.86522 0.0117261 0.00926965 0.0519658 9.9982E-05
9.993E-05 9.993E-05 9.993E-05 9.993E-05 0.999201 9.993E-05 9.993E-05 9.993E-05 9.993E-05
9.993E-05 9.993E-05 9.993E-05 9.993E-05 0.999201 9.993E-05 9.993E-05 9.993E-05 9.993E-05
