9.9937E-05 9.9937E-05 9.9937E-05 9.9937E-05 9.9937E-05 9.9937E-05 9.9937E-05 0.993817 0.0054838
9.9946E-05 9.9946E-05 9.9946E-05 9.9946E-05 9.9946E-05 9.9946E-05 0.0657084 0.921718 0.0119741
9.9946E-05 9.9946E-05 9.9946E-05 9.9946E-05 9.9946E-05 9.9946E-05 0.0144236 0.97808 0.00689703
0.00490613 0.0751695 0.787541 9.9991E-05 0.0203763 0.012107 0.0597055 0.0194752 0.0206192
9.999E-05 0.0853694 0.781372 0.00186257 0.0257805 0.000110527 0.0497664 0.032434 0.0232042
0.0241387 0.0969176 0.68888 9.9991E-05 0.0483711 0.00355197 0.0217707 0.0783231 0.0379468
0.00242492 9.9955E-05 9.9955E-05 9.9955E-05 9.9955E-05 9.9955E-05 0.035808 0.937502 0.0237653
9.9964E-05 9.9964E-05 0.0445969 0.00185348 9.9964E-05 9.9964E-05 0.0191428 0.912733 0.0212736
9.9946E-05 0.0377257 9.9946E-05 9.9946E-05 0.00901922 9.9946E-05 9.9946E-05 0.952655 9.9946E-05
0.936489 0.0195762 0.0261398 0.0112189 0.00396899 0.00230684 9.9973E-05 9.9973E-05 9.9973E-05
0.994824 9.9937E-05 9.9937E-05 9.9937E-05 9.9937E-05 9.9937E-05 9.9937E-05 9.9937E-05 0.00447694
0.999201 9.993E-05 9.993E-05 9.993E-05 9.993E-05 9.993E-05 9.993E-05 9.993E-05 9.993E-05
0.00268861 0.068761 0.905072 0.00486478 9.9973E-05 9.9973E-05 0.00900371 0.0093104 9.9973E-05
9.9955E-05 0.0349992 0.9324 9.9955E-05 9.9955E-05 9.9955E-05 0.0306485 9.9955E-05 0.00145256
0.00131742 0.134757 0.791661 0.00614054 9.9982E-05 9.9982E-05 0.0385701 0.0212987 0.00605543
9.9937E-05 9.9937E-05 9.9937E-05 9.9937E-05 9.9937E-05 9.9937E-05 0.796049 0.203252 9.9937E-05
0.00398892 9.9973E-05 9.9973E-05 9.9973E-05 0.00198865 0.000235375 0.767149 0.22325 0.0030877
9.9937E-05 9.9937E-05 9.9937E-05 9.9937E-05 9.9937E-05 9.9937E-05 0.767415 0.231886 9.9937E-05
0.00209204 0.0259362 0.952785 9.9955E-05 9.9955E-05 9.9955E-05 0.0186867 9.9955E-05 9.9955E-05
0.00131335 0.0140201 0.962618 0.00235853 9.9973E-05 0.00857361 9.9973E-05 0.0108169 9.9973E-05
9.9946E-05 0.0322624 0.95857 9.9946E-05 9.9946E-05 9.9946E-05 0.00856799 9.9946E-05 9.9946E-05
9.9946E-05 0.010261 9.9946E-05 0.0026538 0.986485 9.9946E-05 9.9946E-05 9.9946E-05 9.9946E-05
9.993E-05 9.993E-05 9.993E-05 9.993E-05 0.999201 9.993E-05 9.993E-05 9.993E-05 9.993E-05
9.9946E-05 9.9946E-05 9.9946E-05 9.9946E-05 0.989648 9.9946E-05 0.00694173 0.00281079 9.9946E-05
0.910838 0.012134 0.0244939 9.9982E-05 0.019173 9.9982E-05 0.014528 0.0116467 0.00698675
0.999201 9.993E-05 9.993E-05 9.993E-05 9.993E-05 9.993E-05 9.993E-05 9.993E-05 9.993E-05
0.999201 9.993E-05 9.993E-05 9.993E-05 9.993E-05 9.993E-05 9.993E-05 9.993E-05 9.993E-05
9.9955E-05 0.280605 0.683936 9.9955E-05 9.9955E-05 9.9955E-05 0.0267838 0.0081751 9.9955E-05
0.00728283 0.227473 0.707058 9.9982E-05 9.9982E-05 0.000266397 0.0564066 0.000440323 0.000872825
9.9955E-05 0.25786 0.719769 0.0051603 9.9955E-05 9.9955E-05 0.0167103 9.9955E-05 9.9955E-05
9.993E-05 0.999201 9.993E-05 9.993E-05 9.993E-05 9.993E-05 9.993E-05 9.993E-05 9.993E-05
9.993E-05 0.999201 9.993E-05 9.993E-05 9.993E-05 9.993E-05 9.993E-05 9.993E-05 9.993E-05
9.9955E-05 0.957902 9.9955E-05 9.9955E-05 9.9955E-05 9.9955E-05 0.000386463 0.0304498 0.0107616
0.0176275 9.9991E-05 0.0333345 0.00197444 0.0139207 0.0081228 0.675431 0.219939 0.0295512
9.9937E-05 9.9937E-05 9.9937E-05 9.9937E-05 9.9937E-05 9.9937E-05 0.740776 0.258525 9.9937E-05
9.9937E-05 9.9937E-05 9.9937E-05 9.9937E-05 9.9937E-05 9.9937E-05 0.761847 0.237453 9.9937E-05
0.00696774 0.475813 0.50888 9.9955E-05 9.9955E-05 0.00783915 9.9955E-05 9.9955E-05 9.9955E-05
0.0018587 0.476413 0.50793 9.9973E-05 9.9973E-05 0.00600711 0.00723091 9.9973E-05 0.000259701
0.000588699 0.446797 0.552015 9.9946E-05 9.9946E-05 9.9946E-05 9.9946E-05 9.9946E-05 9.9946E-05
9.9955E-05 9.9955E-05 0.96377 9.9955E-05 0.0189457 9.9955E-05 9.9955E-05 0.00468736 0.0120974
0.00116377 9.9982E-05 0.917575 0.00381847 0.067088 0.00141618 9.9982E-05 0.00517913 0.00355972
9.9955E-05 9.9955E-05 0.896215 9.9955E-05 0.0634818 9.9955E-05 0.0170047 9.9955E-05 0.022799
9.993E-05 9.993E-05 9.993E-05 9.993E-05 9.993E-05 9.993E-05 9.993E-05 9.993E-05 0.999201
9.993E-05 9.993E-05 9.993E-05 9.993E-05 9.993E-05 9.993E-05 9.993E-05 9.993E-05 0.999201
9.9937E-05 9.9937E-05 9.9937E-05 9.9937E-05 9.9937E-05 0.00266703 9.9937E-05 9.9937E-05 0.996633
0.0130763 0.00652736 0.00507092 9.9982E-05 0.00466581 0.000817337 9.9982E-05 0.0128769 0.956765
9.9937E-05 9.9937E-05 9.9937E-05 9.9937E-05 9.9937E-05 0.00218651 9.9937E-05 9.9937E-05 0.997114
9.9946E-05 9.9946E-05 0.00277209 9.9946E-05 9.9946E-05 9.9946E-05 0.0500812 9.9946E-05 0.946547
9.9964E-05 0.121006 0.00670689 0.00691985 0.0216474 9.9964E-05 0.84332 9.9964E-05 9.9964E-05
9.9937E-05 9.9937E-05 9.9937E-05 9.9937E-05 9.9937E-05 9.9937E-05 0.990923 9.9937E-05 0.00837747
9.9937E-05 0.0647048 9.9937E-05 9.9937E-05 9.9937E-05 9.9937E-05 0.934596 9.9937E-05 9.9937E-05
9.9964E-05 0.000976019 0.00909269 9.9964E-05 0.0213264 9.9964E-05 0.951641 9.9964E-05 0.0165642
9.9946E-05 0.0193846 0.000950846 9.9946E-05 9.9946E-05 9.9946E-05 0.979065 9.9946E-05 9.9946E-05
9.9937E-05 9.9937E-05 9.9937E-05 9.9937E-05 9.9937E-05 9.9937E-05 0.996543 9.9937E-05 0.00275716
9.9955E-05 0.113714 0.868224 0.00275405 9.9955E-05 9.9955E-05 0.0148084 9.9955E-05 9.9955E-05
9.9946E-05 0.105781 0.888231 9.9946E-05 9.9946E-05 9.9946E-05 0.00538899 9.9946E-05 9.9946E-05
9.9946E-05 0.136258 0.857472 9.9946E-05 9.9946E-05 9.9946E-05 0.00567035 9.9946E-05 9.9946E-05
9.9946E-05 9.9946E-05 9.9946E-05 0.00396652 0.00103149 9.9946E-05 9.9946E-05 0.994402 9.9946E-05
0.00513124 9.9955E-05 0.0154293 9.9955E-05 0.00283299 9.9955E-05 9.9955E-05 0.976107 9.9955E-05
0.00350375 0.0276609 0.0281321 9.9973E-05 0.0103344 0.00133561 9.9973E-05 0.928733 9.9973E-05
9.9937E-05 9.9937E-05 0.980085 9.9937E-05 0.0192155 9.9937E-05 9.9937E-05 9.9937E-05 9.9937E-05
9.9937E-05 9.9937E-05 0.990824 9.9937E-05 0.00847622 9.9937E-05 9.9937E-05 9.9937E-05 9.9937E-05
9.9955E-05 9.9955E-05 0.90209 9.9955E-05 0.0800566 9.9955E-05 9.9955E-05 0.00594665 0.0114068
0.00950982 0.0204576 0.0907133 0.00387861 0.870908 0.000986675 0.00334602 9.9982E-05 9.9982E-05
0.011701 9.9973E-05 0.0484764 9.9973E-05 0.903202 0.00444207 0.0187368 0.0131417 9.9973E-05
0.00170732 9.9973E-05 0.0796214 9.9973E-05 0.887473 9.9973E-05 0.0114593 0.00788913 0.01155
9.9946E-05 9.9946E-05 9.9946E-05 9.9946E-05 0.00189176 0.997085 9.9946E-05 9.9946E-05 0.000424028
9.993E-05 9.993E-05 9.993E-05 0.999201 9.993E-05 9.993E-05 9.993E-05 9.993E-05 9.993E-05
9.9946E-05 9.9946E-05 9.9946E-05 0.00825651 9.9946E-05 0.989483 0.00166122 9.9946E-05 9.9946E-05
0.00403846 9.9973E-05 0.976951 0.00230897 0.00396019 9.9973E-05 9.9973E-05 0.00743222 0.00500913
0.0395451 0.0157469 0.732685 9.99996E-05 0.0598512 0.0152684 0.0270221 0.0805176 0.0292641
9.9964E-05 0.0227854 0.947686 0.000481496 9.9964E-05 0.00510085 9.9964E-05 0.023546 9.9964E-05
0.00198139 9.9964E-05 9.9964E-05 9.9964E-05 0.954214 9.9964E-05 0.0175276 0.0153459 0.010531
9.9946E-05 0.00867835 9.9946E-05 9.9946E-05 0.985564 0.00515802 9.9946E-05 9.9946E-05 9.9946E-05
9.993E-05 9.993E-05 9.993E-05 9.993E-05 0.999201 9.993E-05 9.993E-05 9.993E-05 9.993E-05
0.00075924 0.0110401 0.00727279 0.0106736 0.0165936 9.9982E-05 9.9982E-05 0.948747 0.00471337
0.00770396 0.053175 0.0294269 9.9973E-05 0.00982736 0.00261628 9.9973E-05 0.896951 9.9973E-05
0.00155264 9.9955E-05 9.9955E-05 9.9955E-05 0.000521038 0.00277984 9.9955E-05 0.994647 9.9955E-05
0.00366328 0.0812988 0.897325 9.9955E-05 9.9955E-05 9.9955E-05 9.9955E-05 0.017213 9.9955E-05
0.00652503 0.098025 0.846826 9.9973E-05 9.9973E-05 0.0111622 9.9973E-05 0.0362876 0.000873823
0.00292995 0.141113 0.816458 9.9964E-05 9.9964E-05 0.00429178 0.0348071 9.9964E-05 9.9964E-05
9.993E-05 9.993E-05 9.993E-05 9.993E-05 0.999201 9.993E-05 9.993E-05 9.993E-05 9.993E-05
0.00363128 9.9955E-05 0.0020859 9.9955E-05 0.991527 0.00225574 9.9955E-05 9.9955E-05 9.9955E-05
9.993E-05 9.993E-05 9.993E-05 9.993E-05 0.999201 9.993E-05 9.993E-05 9.993E-05 9.993E-05
0.809801 0.0128324 0.0784505 0.00206978 0.0293674 0.0122788 0.0254046 0.0296956 9.9991E-05
0.927664 9.9973E-05 0.028747 0.00011157 0.0271127 9.9973E-05 0.0154727 9.9973E-05 0.000591722
0.996083 9.9946E-05 9.9946E-05 0.000406471 0.0029108 9.9946E-05 9.9946E-05 9.9946E-05 9.9946E-05
9.9946E-05 0.000180377 9.9946E-05 0.00206898 9.9946E-05 9.9946E-05 9.9946E-05 0.997151 9.9946E-05
0.00712828 0.0061086 0.00797373 9.9973E-05 0.00254575 0.000470848 9.9973E-05 0.975473 9.9973E-05
9.993E-05 9.993E-05 9.993E-05 9.993E-05 9.993E-05 9.993E-05 9.993E-05 0.999201 9.993E-05
9.9937E-05 9.9937E-05 0.988404 9.9937E-05 0.0108964 9.9937E-05 9.9937E-05 9.9937E-05 9.9937E-05
9.9937E-05 9.9937E-05 0.987048 9.9937E-05 0.0122528 9.9937E-05 9.9937E-05 9.9937E-05 9.9937E-05
0.00147082 9.9955E-05 0.954996 0.000227772 0.0428058 9.9955E-05 9.9955E-05 9.9955E-05 9.9955E-05
0.00934651 9.9964E-05 0.928632 9.9964E-05 0.0573992 9.9964E-05 9.9964E-05 0.00183954 0.00238238
9.9937E-05 9.9937E-05 0.997398 9.9937E-05 0.00190291 9.9937E-05 9.9937E-05 9.9937E-05 9.9937E-05
9.9937E-05 9.9937E-05 0.957657 9.9937E-05 0.0416438 9.9937E-05 9.9937E-05 9.9937E-05 9.9937E-05
