0.98317 9.9946E-05 9.9946E-05 9.9946E-05 0.00705805 0.00917231 9.9946E-05 9.9946E-05 9.9946E-05
0.954029 9.9946E-05 9.9946E-05 9.9946E-05 0.0136013 0.0317696 9.9946E-05 9.9946E-05 9.9946E-05
0.998902 9.9937E-05 9.9937E-05 9.9937E-05 0.000398215 9.9937E-05 9.9937E-05 9.9937E-05 9.9937E-05
0.0298459 0.0348202 0.0132258 0.00226447 0.0200261 0.04389 0.343278 0.010218 0.502431
0.0316987 0.0146985 0.00426734 9.9991E-05 0.0214148 0.0388205 0.350413 0.0138253 0.524762
0.0704071 0.0637012 0.0132051 9.9991E-05 0.0381961 0.0281473 0.292465 0.0310528 0.462726
0.950887 9.9946E-05 9.9946E-05 9.9946E-05 0.0230786 0.0254348 9.9946E-05 9.9946E-05 9.9946E-05
0.931472 9.9955E-05 9.9955E-05 9.9955E-05 0.0196902 9.9955E-05 0.00548559 9.9955E-05 0.0428526
0.952694 0.00711431 9.9946E-05 9.9946E-05 9.9946E-05 9.9946E-05 9.9946E-05 9.9946E-05 0.0395924
0.00241014 9.9964E-05 0.00269919 9.9964E-05 9.9964E-05 0.0254924 0.000136903 0.968862 9.9964E-05
9.9937E-05 9.9937E-05 9.9937E-05 0.204937 9.9937E-05 9.9937E-05 9.9937E-05 0.794364 9.9937E-05
9.9937E-05 9.9937E-05 9.9937E-05 0.997706 9.9937E-05 9.9937E-05 9.9937E-05 0.00159473 9.9937E-05
0.0308465 9.9964E-05 0.00390058 9.9964E-05 9.9964E-05 0.0130534 0.466715 9.9964E-05 0.485084
9.9964E-05 9.9964E-05 0.000704126 0.00171501 9.9964E-05 0.0224134 0.512024 9.9964E-05 0.462743
0.00143573 0.017912 0.0211274 0.00690394 0.00983704 0.0643549 0.294472 9.9991E-05 0.583857
0.26345 9.9937E-05 9.9937E-05 9.9937E-05 9.9937E-05 0.73585 9.9937E-05 9.9937E-05 9.9937E-05
0.284567 9.9946E-05 9.9946E-05 9.9946E-05 0.00107925 0.713754 9.9946E-05 9.9946E-05 9.9946E-05
0.277053 9.9937E-05 9.9937E-05 9.9937E-05 9.9937E-05 0.722248 9.9937E-05 9.9937E-05 9.9937E-05
9.9937E-05 9.9937E-05 9.9937E-05 9.9937E-05 9.9937E-05 9.9937E-05 0.106027 9.9937E-05 0.893274
9.9946E-05 0.00294715 9.9946E-05 9.9946E-05 9.9946E-05 9.9946E-05 0.147421 9.9946E-05 0.849032
9.9937E-05 9.9937E-05 9.9937E-05 9.9937E-05 9.9937E-05 9.9937E-05 0.0792633 9.9937E-05 0.920037
9.9937E-05 0.982405 9.9937E-05 9.9937E-05 9.9937E-05 9.9937E-05 9.9937E-05 9.9937E-05 0.0168952
9.993E-05 0.999201 9.993E-05 9.993E-05 9.993E-05 9.993E-05 9.993E-05 9.993E-05 9.993E-05
0.00655118 0.986274 9.9955E-05 9.9955E-05 0.000575683 9.9955E-05 0.00609956 9.9955E-05 9.9955E-05
0.0063836 0.0272818 0.00131538 0.90442 0.0025345 0.0135102 0.0443548 9.9982E-05 9.9982E-05
9.993E-05 9.993E-05 9.993E-05 0.999201 9.993E-05 9.993E-05 9.993E-05 9.993E-05 9.993E-05
9.9937E-05 9.9937E-05 9.9937E-05 0.99588 9.9937E-05 9.9937E-05 9.9937E-05 0.00342045 9.9937E-05
0.00291449 9.9946E-05 9.9946E-05 9.9946E-05 9.9946E-05 0.0334358 9.9946E-05 9.9946E-05 0.96305
0.00895531 0.000990181 9.9973E-05 9.9973E-05 0.006873 0.0736038 0.000979031 9.9973E-05 0.908299
9.9937E-05 9.9937E-05 9.9937E-05 9.9937E-05 9.9937E-05 0.0184559 9.9937E-05 9.9937E-05 0.980845
9.9964E-05 0.0339455 9.9964E-05 9.9964E-05 0.00774014 0.598603 9.9964E-05 0.0192411 0.34007
9.9964E-05 0.0436159 9.9964E-05 9.9964E-05 0.0223804 0.568907 9.9964E-05 0.0133558 0.351341
9.9973E-05 0.0659021 0.00723249 9.9973E-05 0.0230995 0.562556 9.9973E-05 0.0242339 0.316676
0.276348 0.0211373 0.00708853 0.00530507 0.0299566 0.616466 0.0133558 0.0192779 0.0110651
0.325302 9.9937E-05 9.9937E-05 9.9937E-05 9.9937E-05 0.673999 9.9937E-05 9.9937E-05 9.9937E-05
0.317033 9.9937E-05 9.9937E-05 9.9937E-05 9.9937E-05 0.682268 9.9937E-05 9.9937E-05 9.9937E-05
9.9955E-05 9.9955E-05 9.9955E-05 0.0106614 0.00594543 0.14155 9.9955E-05 9.9955E-05 0.841343
9.9955E-05 9.9955E-05 9.9955E-05 0.0063816 0.00183976 0.140069 9.9955E-05 9.9955E-05 0.85121
9.9973E-05 9.9973E-05 0.00426936 0.0063852 0.00275353 0.110742 9.9973E-05 0.00148845 0.874062
0.00485567 9.9982E-05 0.00519191 0.00200812 0.00154503 9.9982E-05 0.750878 0.000423439 0.234898
0.0141481 0.0377622 0.00801736 0.000244714 9.9973E-05 9.9973E-05 0.771323 9.9973E-05 0.168204
0.00470879 0.033502 9.9982E-05 0.0014281 0.0146584 0.0322833 0.782257 9.9982E-05 0.130962
9.993E-05 9.993E-05 9.993E-05 9.993E-05 0.999201 9.993E-05 9.993E-05 9.993E-05 9.993E-05
9.993E-05 9.993E-05 9.993E-05 9.993E-05 0.999201 9.993E-05 9.993E-05 9.993E-05 9.993E-05
9.9937E-05 9.9937E-05 9.9937E-05 9.9937E-05 0.999091 0.000209107 9.9937E-05 9.9937E-05 9.9937E-05
0.0025662 0.00366326 0.00558963 0.00510395 0.964775 9.9982E-05 0.00993541 9.9982E-05 0.00816632
9.9937E-05 9.9937E-05 0.00572431 9.9937E-05 0.993576 9.9937E-05 9.9937E-05 9.9937E-05 9.9937E-05
9.9937E-05 9.9937E-05 9.9937E-05 9.9937E-05 0.956899 0.0424016 9.9937E-05 9.9937E-05 9.9937E-05
9.9955E-05 0.0113958 9.9955E-05 9.9955E-05 9.9955E-05 0.921361 0.0595144 9.9955E-05 0.00722888
9.9937E-05 9.9937E-05 9.9937E-05 9.9937E-05 0.00695954 0.992341 9.9937E-05 9.9937E-05 9.9937E-05
9.9937E-05 9.9937E-05 9.9937E-05 9.9937E-05 9.9937E-05 0.998563 0.000737882 9.9937E-05 9.9937E-05
9.99498E-05 9.99498E-05 9.99498E-05 9.99498E-05 0.0164578 0.975707 0.00723559 9.99498E-05 9.99498E-05
9.993E-05 9.993E-05 9.993E-05 9.993E-05 9.993E-05 0.999201 9.993E-05 9.993E-05 9.993E-05
9.993E-05 9.993E-05 9.993E-05 9.993E-05 9.993E-05 0.999201 9.993E-05 9.993E-05 9.993E-05
9.9946E-05 0.00473712 9.9946E-05 9.9946E-05 9.9946E-05 9.9946E-05 0.0748124 9.9946E-05 0.919851
9.9937E-05 9.9937E-05 9.9937E-05 9.9937E-05 9.9937E-05 9.9937E-05 0.0397837 9.9937E-05 0.959517
9.993E-05 9.993E-05 9.993E-05 9.993E-05 9.993E-05 9.993E-05 9.993E-05 9.993E-05 0.999201
0.999201 9.993E-05 9.993E-05 9.993E-05 9.993E-05 9.993E-05 9.993E-05 9.993E-05 9.993E-05
0.984994 0.00492174 9.9964E-05 9.9964E-05 9.9964E-05 9.9964E-05 0.00202749 0.00210272 0.00555419
0.935984 0.0197206 9.9964E-05 9.9964E-05 9.9964E-05 9.9964E-05 0.00879646 0.00425223 0.0308471
9.993E-05 9.993E-05 9.993E-05 9.993E-05 9.993E-05 9.993E-05 0.999201 9.993E-05 9.993E-05
9.993E-05 9.993E-05 9.993E-05 9.993E-05 9.993E-05 9.993E-05 0.999201 9.993E-05 9.993E-05
0.0333445 0.040973 9.9982E-05 0.00452453 0.0157303 9.9982E-05 0.889578 0.00132373 0.0143255
9.9982E-05 0.874144 0.00880118 9.9982E-05 0.000274488 0.0179475 0.0570844 0.00561054 0.0359376
9.9973E-05 0.884305 0.0047106 0.00152417 9.9973E-05 0.0246695 0.0799522 0.00453894 9.9973E-05
9.9955E-05 0.88347 9.9955E-05 9.9955E-05 0.00700751 0.00733593 0.101687 9.9955E-05 9.9955E-05
0.006238 9.9946E-05 0.985783 9.9946E-05 0.00737902 9.9946E-05 9.9946E-05 9.9946E-05 9.9946E-05
9.9955E-05 0.00727682 0.989259 9.9955E-05 9.9955E-05 9.9955E-05 0.00169682 0.001268 9.9955E-05
9.993E-05 9.993E-05 0.999201 9.993E-05 9.993E-05 9.993E-05 9.993E-05 9.993E-05 9.993E-05
9.9937E-05 9.9937E-05 9.9937E-05 9.9937E-05 9.9937E-05 9.9937E-05 0.197115 9.9937E-05 0.802185
0.0633914 0.0889226 0.0115329 0.0102599 0.0306108 0.0148329 0.202051 0.0287376 0.549661
9.9946E-05 9.9946E-05 9.9946E-05 9.9946E-05 9.9946E-05 9.9946E-05 0.193714 0.00624378 0.799442
0.00593778 0.9566 0.0045099 9.9973E-05 0.011331 0.00565368 9.9973E-05 9.9973E-05 0.0156677
9.9937E-05 0.996168 9.9937E-05 9.9937E-05 9.9937E-05 9.9937E-05 9.9937E-05 9.9937E-05 0.00313267
9.993E-05 0.999201 9.993E-05 9.993E-05 9.993E-05 9.993E-05 9.993E-05 9.993E-05 9.993E-05
0.943486 0.0148406 0.00617164 0.00716131 0.0114057 9.9973E-05 9.9973E-05 9.9973E-05 0.0166352
0.919892 0.0103355 9.9955E-05 9.9955E-05 9.9955E-05 9.9955E-05 9.9955E-05 0.00420892 0.0650633
0.984899 9.9964E-05 0.00726853 9.9964E-05 9.9964E-05 9.9964E-05 0.00418836 0.00234544 0.000898338
9.9937E-05 9.9937E-05 9.9937E-05 9.9937E-05 9.9937E-05 9.9937E-05 0.0262893 9.9937E-05 0.973011
0.0140627 0.0208778 9.9955E-05 9.9955E-05 9.9955E-05 9.9955E-05 0.0114666 9.9955E-05 0.953093
9.993E-05 9.993E-05 9.993E-05 9.993E-05 9.993E-05 9.993E-05 9.993E-05 9.993E-05 0.999201
0.00309508 0.99125 9.9955E-05 9.9955E-05 9.9955E-05 9.9955E-05 0.00416194 9.9955E-05 0.00099339
9.9946E-05 0.986176 9.9946E-05 9.9946E-05 9.9946E-05 9.9946E-05 9.9946E-05 0.00403402 0.00918998
9.993E-05 0.999201 9.993E-05 9.993E-05 9.993E-05 9.993E-05 9.993E-05 9.993E-05 9.993E-05
0.0164785 0.0330335 0.00658614 0.819216 0.0102216 0.0546601 9.9982E-05 9.9982E-05 0.0596043
0.00519791 0.0133838 9.9955E-05 9.9955E-05 9.9955E-05 9.9955E-05 9.9955E-05 0.975319 0.00559939
9.993E-05 9.993E-05 9.993E-05 9.993E-05 9.993E-05 9.993E-05 9.993E-05 0.999201 9.993E-05
0.995308 0.00253598 9.9946E-05 9.9946E-05 9.9946E-05 9.9946E-05 9.9946E-05 9.9946E-05 0.0015564
0.993421 9.9946E-05 9.9946E-05 0.00455074 9.9946E-05 9.9946E-05 0.00142888 9.9946E-05 9.9946E-05
0.999201 9.993E-05 9.993E-05 9.993E-05 9.993E-05 9.993E-05 9.993E-05 9.993E-05 9.993E-05
9.993E-05 9.993E-05 9.993E-05 9.993E-05 9.993E-05 9.993E-05 0.999201 9.993E-05 9.993E-05
9.993E-05 9.993E-05 9.993E-05 9.993E-05 9.993E-05 9.993E-05 0.999201 9.993E-05 9.993E-05
9.9964E-05 0.00472053 9.9964E-05 9.9964E-05 9.9964E-05 0.00205756 0.841421 0.0129689 0.138432
0.0147024 0.0374174 0.0100127 0.0130189 0.00640665 9.9982E-05 0.862694 9.9982E-05 0.0555485
9.993E-05 9.993E-05 9.993E-05 9.993E-05 9.993E-05 9.993E-05 0.999201 9.993E-05 9.993E-05
9.9937E-05 9.9937E-05 9.9937E-05 9.9937E-05 0.00283252 9.9937E-05 0.996468 9.9937E-05 9.9937E-05
