9.9946E-05 9.9946E-05 9.9946E-05 0.986788 9.9946E-05 0.0117665 9.9946E-05 0.000845373 9.9946E-05
9.9946E-05 9.9946E-05 9.9946E-05 0.945169 9.9946E-05 0.0145768 9.9946E-05 0.0396542 9.9946E-05
9.9946E-05 9.9946E-05 9.9946E-05 0.974364 9.9946E-05 0.00556656 9.9946E-05 0.0194702 9.9946E-05
0.465599 0.362202 0.00460323 0.026356 0.0152425 0.020234 0.0118149 0.0373535 0.056595
0.467865 0.361026 0.00182481 0.0297629 0.00401505 0.0217921 0.0147687 0.0222252 0.0767199
0.404243 0.289392 0.0336035 0.0707713 0.0135426 0.0437632 0.0439624 0.0275157 0.0732065
9.9946E-05 9.9946E-05 9.9946E-05 0.925158 9.9946E-05 0.0181939 9.9946E-05 0.0560488 9.9946E-05
0.0430966 0.00242709 9.9964E-05 0.928459 9.9964E-05 0.0186276 9.9964E-05 0.00698957 9.9964E-05
0.0145967 9.9955E-05 9.9955E-05 0.945509 9.9955E-05 9.9955E-05 0.0114941 9.9955E-05 0.0279007
9.9964E-05 0.0317354 0.9295 0.00591876 9.9964E-05 9.9964E-05 9.9964E-05 0.0235835 0.00886242
9.9937E-05 9.9937E-05 0.997868 9.9937E-05 9.9937E-05 9.9937E-05 9.9937E-05 9.9937E-05 0.00143208
9.9937E-05 9.9937E-05 0.99902 9.9937E-05 9.9937E-05 9.9937E-05 0.000280052 9.9937E-05 9.9937E-05
0.533189 0.410331 0.00734032 0.00716027 0.012753 9.9982E-05 9.9982E-05 0.0184128 0.0106134
0.477621 0.499154 9.9955E-05 9.9955E-05 9.9955E-05 9.9955E-05 9.9955E-05 0.0178896 0.00483571
0.594382 0.282544 0.0102928 9.9991E-05 0.0140658 0.00705697 0.00337532 0.0319682 0.0562149
9.99516E-05 9.99516E-05 9.99516E-05 0.206601 0.00252237 9.99516E-05 9.99516E-05 0.790277 9.99516E-05
9.9973E-05 9.9973E-05 0.00211978 0.236727 0.00543361 0.00812377 0.00538388 0.741912 9.9973E-05
9.9955E-05 9.9955E-05 9.9955E-05 0.231133 0.000648954 0.00191626 9.9955E-05 0.765802 9.9955E-05
0.9325 0.0668006 9.9937E-05 9.9937E-05 9.9937E-05 9.9937E-05 9.9937E-05 9.9937E-05 9.9937E-05
0.876244 0.123057 9.9937E-05 9.9937E-05 9.9937E-05 9.9937E-05 9.9937E-05 9.9937E-05 9.9937E-05
0.950352 0.0489482 9.9937E-05 9.9937E-05 9.9937E-05 9.9937E-05 9.9937E-05 9.9937E-05 9.9937E-05
0.026794 9.9955E-05 0.00362614 9.9955E-05 9.9955E-05 9.9955E-05 0.968318 9.9955E-05 0.000762486
9.993E-05 9.993E-05 9.993E-05 9.993E-05 9.993E-05 9.993E-05 0.999201 9.993E-05 9.993E-05
9.9955E-05 9.9955E-05 9.9955E-05 0.00752143 9.9955E-05 0.0033744 0.986765 0.00183904 9.9955E-05
0.00370207 0.0157699 0.916957 0.0125468 0.00694623 0.00847616 0.00895451 0.016295 0.0103528
9.993E-05 9.993E-05 0.999201 9.993E-05 9.993E-05 9.993E-05 9.993E-05 9.993E-05 9.993E-05
9.993E-05 9.993E-05 0.999201 9.993E-05 9.993E-05 9.993E-05 9.993E-05 9.993E-05 9.993E-05
0.930877 9.9955E-05 9.9955E-05 0.00286139 9.9955E-05 9.9955E-05 9.9955E-05 0.0291815 0.0365803
0.887595 9.9973E-05 9.9973E-05 0.00286119 0.00501876 0.0053606 9.9973E-05 0.066549 0.032316
0.93741 9.9946E-05 9.9946E-05 9.9946E-05 9.9946E-05 9.9946E-05 9.9946E-05 0.0288722 0.0331184
9.993E-05 9.993E-05 9.993E-05 9.993E-05 9.993E-05 9.993E-05 9.993E-05 9.993E-05 0.999201
9.993E-05 9.993E-05 9.993E-05 9.993E-05 9.993E-05 9.993E-05 9.993E-05 9.993E-05 0.999201
9.9982E-05 0.000775217 0.00110307 0.0295567 0.00655168 0.0124381 0.018237 9.9982E-05 0.931138
0.0315492 0.0209561 0.0217254 0.230319 0.000708596 0.0221467 0.012679 0.659816 9.9991E-05
9.9937E-05 9.9937E-05 9.9937E-05 0.271017 9.9937E-05 9.9937E-05 9.9937E-05 0.728284 9.9937E-05
9.9946E-05 9.9946E-05 9.9946E-05 0.261078 9.9946E-05 0.000177123 9.9946E-05 0.738146 9.9946E-05
0.760613 9.9973E-05 9.9973E-05 9.9973E-05 0.00179965 0.00362619 0.0139629 0.048543 0.171155
0.760968 9.9955E-05 0.00540618 9.9955E-05 9.9955E-05 9.9955E-05 9.9955E-05 0.0543605 0.178766
0.786294 9.9955E-05 0.00746982 9.9955E-05 9.9955E-05 9.9955E-05 9.9955E-05 0.0280542 0.177682
0.210418 0.758299 9.9964E-05 0.00761918 9.9964E-05 0.00823815 9.9964E-05 9.9964E-05 0.0150259
0.136513 0.778756 0.00633998 0.0171294 9.9991E-05 0.00302954 0.0371065 0.000595447 0.0204307
0.109358 0.789284 0.00344231 9.9991E-05 0.00215466 0.0149159 0.0374399 0.0182402 0.0250649
9.993E-05 9.993E-05 9.993E-05 9.993E-05 9.993E-05 0.999201 9.993E-05 9.993E-05 9.993E-05
9.993E-05 9.993E-05 9.993E-05 9.993E-05 9.993E-05 0.999201 9.993E-05 9.993E-05 9.993E-05
9.993E-05 9.993E-05 9.993E-05 9.993E-05 9.993E-05 0.999201 9.993E-05 9.993E-05 9.993E-05
9.9964E-05 0.0131085 0.00405989 0.0123048 9.9964E-05 0.959793 9.9964E-05 9.9964E-05 0.0103343
9.9955E-05 9.9955E-05 9.9955E-05 0.000943285 9.9955E-05 0.9839 0.0053442 0.00931243 9.9955E-05
0.00444297 9.9955E-05 9.9955E-05 9.9955E-05 9.9955E-05 0.944849 0.00659942 0.043609 9.9955E-05
0.0134175 0.0316111 9.9964E-05 9.9964E-05 9.9964E-05 9.9964E-05 0.0108532 0.839934 0.103784
9.9937E-05 9.9937E-05 9.9937E-05 9.9937E-05 9.9937E-05 0.00854812 9.9937E-05 0.990752 9.9937E-05
0.00884726 9.9946E-05 9.9946E-05 9.9946E-05 9.9946E-05 9.9946E-05 9.9946E-05 0.928443 0.0621099
9.9964E-05 0.013332 9.9964E-05 9.9964E-05 9.9964E-05 0.0170055 0.00612777 0.954988 0.00814699
0.00715288 9.9946E-05 9.9946E-05 9.9946E-05 9.9946E-05 9.9946E-05 9.9946E-05 0.978168 0.0140793
9.993E-05 9.993E-05 9.993E-05 9.993E-05 9.993E-05 9.993E-05 9.993E-05 0.999201 9.993E-05
0.94014 0.0591608 9.9937E-05 9.9937E-05 9.9937E-05 9.9937E-05 9.9937E-05 9.9937E-05 9.9937E-05
0.98618 0.0131201 9.9937E-05 9.9937E-05 9.9937E-05 9.9937E-05 9.9937E-05 9.9937E-05 9.9937E-05
0.999201 9.993E-05 9.993E-05 9.993E-05 9.993E-05 9.993E-05 9.993E-05 9.993E-05 9.993E-05
9.993E-05 9.993E-05 9.993E-05 0.999201 9.993E-05 9.993E-05 9.993E-05 9.993E-05 9.993E-05
0.00606802 9.9973E-05 0.00236789 0.980279 0.00132614 9.9973E-05 0.00259912 9.9973E-05 0.00705953
0.0337884 9.9964E-05 0.00323248 0.947996 9.9964E-05 9.9964E-05 0.00793909 9.9964E-05 0.00664394
9.993E-05 0.999201 9.993E-05 9.993E-05 9.993E-05 9.993E-05 9.993E-05 9.993E-05 9.993E-05
9.993E-05 0.999201 9.993E-05 9.993E-05 9.993E-05 9.993E-05 9.993E-05 9.993E-05 9.993E-05
0.0107292 0.906729 9.99778E-05 0.0161924 9.99778E-05 0.0116535 0.0404073 0.0139887 9.99778E-05
0.00773082 0.0788547 0.00650576 0.00248096 9.9982E-05 9.9982E-05 0.869147 0.0113946 0.0236862
9.9982E-05 0.071006 0.00356861 0.00715933 9.9982E-05 0.00140555 0.890573 0.0241961 0.00189191
9.9973E-05 0.101339 0.00371168 0.00062992 9.9973E-05 0.00266945 0.868698 0.0226517 9.9973E-05
0.000870429 0.00255262 0.0102176 9.9973E-05 0.975644 0.00448493 9.9973E-05 0.00593069 9.9973E-05
9.9937E-05 9.9937E-05 9.9937E-05 9.9937E-05 0.995654 9.9937E-05 0.00364604 9.9937E-05 9.9937E-05
9.993E-05 9.993E-05 9.993E-05 9.993E-05 0.999201 9.993E-05 9.993E-05 9.993E-05 9.993E-05
0.802604 0.183328 9.9946E-05 9.9946E-05 9.9946E-05 9.9946E-05 0.0134688 9.9946E-05 9.9946E-05
0.58015 0.185003 0.0275581 0.0867144 0.00719726 0.0325934 0.0751788 0.00550545 9.9991E-05
0.814717 0.180716 0.000232042 9.9955E-05 9.9955E-05 9.9955E-05 0.0038353 9.9955E-05 9.9955E-05
0.00581184 0.000297178 0.00261702 9.9982E-05 0.00122463 0.0131634 0.95782 0.0188659 9.9982E-05
0.00623987 9.9937E-05 9.9937E-05 9.9937E-05 9.9937E-05 9.9937E-05 0.993061 9.9937E-05 9.9937E-05
9.993E-05 9.993E-05 9.993E-05 9.993E-05 9.993E-05 9.993E-05 0.999201 9.993E-05 9.993E-05
0.0190127 0.0101814 9.9991E-05 0.936017 0.00498535 0.00665804 0.00940373 0.00445901 0.00918301
0.0510557 9.9973E-05 0.00362904 0.902089 0.00339669 9.9973E-05 0.00881434 9.9973E-05 0.0307155
9.9955E-05 0.00301425 9.9955E-05 0.983636 0.00560189 9.9955E-05 0.00724811 9.9955E-05 9.9955E-05
0.999201 9.993E-05 9.993E-05 9.993E-05 9.993E-05 9.993E-05 9.993E-05 9.993E-05 9.993E-05
0.965508 9.9955E-05 0.00682765 0.0110947 9.9955E-05 9.9955E-05 0.0160697 9.9955E-05 9.9955E-05
0.983464 9.9937E-05 9.9937E-05 9.9937E-05 9.9937E-05 9.9937E-05 9.9937E-05 0.0158368 9.9937E-05
9.9937E-05 0.00214748 9.9937E-05 9.9937E-05 9.9937E-05 9.9937E-05 0.997153 9.9937E-05 9.9937E-05
0.0167354 9.9937E-05 9.9937E-05 9.9937E-05 9.9937E-05 9.9937E-05 0.982565 9.9937E-05 9.9937E-05
9.993E-05 9.993E-05 9.993E-05 9.993E-05 9.993E-05 9.993E-05 0.999201 9.993E-05 9.993E-05
0.047348 0.00824357 0.812729 0.0406845 0.0205771 0.0218185 0.0277792 0.0105527 0.0102673
0.0241131 9.9973E-05 0.940847 9.9973E-05 0.0023317 0.00778979 0.00997347 0.0146451 9.9973E-05
0.00774259 9.9937E-05 0.991558 9.9937E-05 9.9937E-05 9.9937E-05 9.9937E-05 9.9937E-05 9.9937E-05
9.9937E-05 9.9937E-05 9.9937E-05 0.998707 9.9937E-05 9.9937E-05 9.9937E-05 9.9937E-05 0.000593119
9.9964E-05 0.00695816 0.0067647 0.975252 9.9964E-05 9.9964E-05 0.00924094 9.9964E-05 0.00138417
9.993E-05 9.993E-05 9.993E-05 0.999201 9.993E-05 9.993E-05 9.993E-05 9.993E-05 9.993E-05
9.993E-05 0.999201 9.993E-05 9.993E-05 9.993E-05 9.993E-05 9.993E-05 9.993E-05 9.993E-05
9.993E-05 0.999201 9.993E-05 9.993E-05 9.993E-05 9.993E-05 9.993E-05 9.993E-05 9.993E-05
0.131442 0.835165 9.9973E-05 9.9973E-05 0.00934636 0.00498134 9.9973E-05 0.00523138 0.0135338
0.0321954 0.897543 0.0132927 0.0174185 0.00745251 0.0068137 0.0234714 9.9991E-05 0.00171322
9.993E-05 0.999201 9.993E-05 9.993E-05 9.993E-05 9.993E-05 9.993E-05 9.993E-05 9.993E-05
9.9946E-05 0.993967 0.00270104 9.9946E-05 9.9946E-05 0.00273199 9.9946E-05 9.9946E-05 9.9946E-05
